SUBJECT TRIAL TARGET CONTEXT ROW REP FOUNDRT OKSE
3 1 1 2 12 1 5239 1
3 2 2 1 2 1 1933 1
3 3 1 2 3 1 9080 1
3 4 2 2 2 1 1977 1
3 5 1 2 18 1 8363 1
3 6 2 2 20 2 10355 1
3 7 2 1 7 1 3284 1
3 8 1 2 14 2 4379 1
3 9 2 1 5 2 1707 1
3 10 2 2 18 2 9540 1
3 11 2 1 9 2 8713 1
3 12 1 2 11 1 3815 1
3 13 2 1 12 1 4184 1
3 14 1 2 8 1 3199 1
3 15 2 1 17 2 4140 1
3 16 2 2 3 1 1611 1
3 17 1 2 13 1 3131 1
3 18 1 2 6 1 1994 1
3 19 2 1 6 1 2156 1
3 20 2 1 17 1 5690 1
3 21 1 2 17 1 3536 1
3 22 1 2 14 1 3014 1
3 23 2 2 5 2 12841 1
3 24 1 1 13 1 5416 1
3 25 1 2 5 1 1933 1
3 26 1 1 20 1 5013 1
3 27 2 1 19 1 7590 1
3 28 1 1 19 1 14425 1
3 29 2 2 4 1 2016 1
3 30 1 1 1 2 4148 1
3 31 2 2 1 1 1244 1
3 32 1 2 19 1 6903 1
3 33 2 1 12 2 5736 1
3 34 1 2 3 2 6045 1
3 35 2 1 8 1 2741 1
3 36 1 2 1 1 6589 1
3 37 1 2 4 2 6946 1
3 38 1 2 11 2 4828 1
3 39 1 2 19 2 5639 1
3 40 2 2 9 1 3518 1
3 41 2 1 15 1 4148 1
3 42 1 1 8 2 6914 1
3 43 2 2 13 2 3058 1
3 44 2 1 14 2 2358 1
3 45 2 2 2 2 2130 1
3 46 1 1 3 1 1657 1
3 47 1 2 16 2 17736 1
3 48 2 1 20 2 4102 1
3 49 2 2 14 1 4189 1
3 50 2 1 15 2 3515 1
3 51 2 2 15 1 5640 1
3 52 1 1 19 2 6410 1
3 53 1 1 15 2 5374 1
3 54 1 2 12 2 3288 1
3 55 1 1 6 2 5732 1
3 56 1 1 2 1 2161 1
3 57 2 2 17 1 5411 1
3 58 1 1 9 1 2975 1
3 59 2 1 2 2 5690 1
3 60 1 1 5 1 2928 1
3 61 2 1 4 1 1705 1
3 62 1 2 2 1 10842 1
3 63 1 1 10 2 8364 1
3 64 1 2 16 1 3873 1
3 65 2 1 7 2 3111 1
3 66 2 1 16 1 2879 1
3 67 1 1 10 1 3192 1
3 68 2 2 12 1 4149 1
3 69 2 2 7 1 7319 1
3 70 2 2 8 2 1796 1
3 71 2 2 17 2 5867 1
3 72 2 1 9 1 3923 1
3 73 2 1 1 1 4329 1
3 74 2 2 20 1 5454 1
3 75 1 1 20 2 6405 1
3 76 1 1 1 1 1560 1
3 77 2 1 11 1 3235 1
3 78 1 1 7 2 8445 1
3 79 1 2 15 2 5502 1
3 80 1 1 12 1 7360 1
3 81 2 2 5 1 4648 1
3 82 2 1 18 1 3899 1
3 83 1 2 17 2 4238 1
3 84 2 1 10 1 2609 1
3 85 2 2 18 1 4901 1
3 86 2 2 10 1 7900 1
3 87 2 2 9 2 2066 1
3 88 2 2 19 2 9175 1
3 89 1 2 9 2 3425 1
3 90 1 1 6 1 13252 1
3 91 2 2 12 2 5415 1
3 92 2 1 13 2 6819 1
3 93 2 2 10 2 4737 1
3 94 2 2 8 1 3111 1
3 95 1 1 4 1 4328 1
3 96 1 2 8 2 2240 1
3 97 1 2 5 2 1698 1
3 98 1 2 12 1 2227 1
3 99 2 1 8 2 2926 1
3 100 2 2 16 2 4191 1
3 101 1 2 13 2 23251 1
3 102 1 2 1 2 4468 1
3 103 2 1 16 2 2655 1
3 104 1 1 11 1 2022 1
3 105 1 1 4 2 2856 1
3 106 1 1 8 1 3180 1
3 107 2 1 6 2 5368 1
3 108 1 1 9 2 3426 1
3 109 1 1 18 1 3874 1
3 110 2 1 14 1 2069 1
3 111 1 1 16 2 4735 1
3 112 2 1 4 2 1564 1
3 113 2 1 20 1 4124 1
3 114 2 2 11 2 2149 1
3 115 1 1 7 1 2741 1
3 116 2 2 19 1 4548 1
3 117 2 2 6 1 1833 1
3 118 2 1 5 1 2786 1
3 119 1 1 14 1 4099 1
3 120 1 2 18 2 5462 1
3 121 1 2 20 1 3600 1
3 122 2 1 1 2 1344 1
3 123 2 2 11 1 2228 1
3 124 1 1 3 2 4010 1
3 125 1 2 6 2 2241 1
3 126 1 2 4 1 2247 1
3 127 2 1 18 2 3238 1
3 128 2 2 6 2 4870 1
3 129 2 2 13 1 3428 1
3 130 1 1 13 2 2295 1
3 131 2 2 1 2 6234 1
3 132 1 2 9 1 1882 1
3 133 2 2 16 1 1972 1
3 134 2 2 14 2 1613 1
3 135 2 1 3 2 3473 1
3 136 1 1 17 1 4785 1
3 137 1 1 12 2 1835 1
3 138 2 2 4 2 1145 1
3 139 1 2 10 2 1884 1
3 140 1 1 2 2 1157 1
3 141 2 2 15 2 3648 1
3 142 2 1 11 2 2930 1
3 143 2 2 7 2 1572 1
3 144 1 2 15 1 4786 1
3 145 1 1 18 2 4178 1
3 146 2 1 10 2 4423 1
3 147 1 1 5 2 8175 1
3 148 2 1 19 2 3201 1
3 149 1 2 7 1 3693 1
3 150 1 1 16 1 6223 1
3 151 1 1 17 2 7092 1
3 152 2 1 13 1 1832 1
3 153 2 1 3 1 3920 1
3 154 2 2 3 2 1650 1
3 155 1 1 11 2 1967 1
3 156 1 2 20 2 2467 1
3 157 1 2 10 1 1787 1
3 158 1 2 2 2 5731 1
3 159 1 1 14 2 3600 1
3 160 1 2 7 2 2430 1
3 161 1 1 15 1 5047 1
8 1 1 2 12 1 5458 1
8 2 1 2 11 1 3869 1
8 3 1 2 3 2 1029 1
8 4 1 1 5 2 4325 1
8 5 2 1 4 2 1832 1
8 6 2 2 4 1 2468 1
8 7 2 1 7 2 2296 1
8 8 1 2 12 2 2789 1
8 9 1 2 4 2 1480 1
8 10 1 2 13 1 3156 1
8 11 1 2 11 2 2932 1
8 12 2 2 2 2 4277 1
8 13 2 2 2 1 1208 1
8 14 2 1 12 1 2474 1
8 15 2 1 19 2 3065 1
8 16 2 2 8 1 2874 1
8 17 2 1 20 2 3698 1
8 18 1 2 20 1 4102 1
8 19 1 2 12 1 3466 1
8 20 2 2 13 1 3238 1
8 21 1 1 6 2 3240 1
8 22 2 1 9 2 2784 1
8 23 1 2 1 2 6414 1
8 24 2 2 18 2 4965 1
8 25 1 1 2 1 1109 1
8 26 2 1 18 2 6232 1
8 27 1 1 9 1 5283 1
8 28 1 1 11 1 3967 1
8 29 2 1 15 2 3743 1
8 30 1 2 16 2 3693 1
8 31 1 2 2 2 1699 1
8 32 1 1 4 1 2070 1
8 33 2 1 5 1 2270 1
8 34 2 1 11 1 3202 1
8 35 2 2 15 1 3786 1
8 36 2 2 3 2 1950 1
8 37 1 1 14 2 6465 1
8 38 1 1 8 1 3059 1
8 39 2 1 14 2 3878 1
8 40 1 1 19 2 5693 1
8 41 2 2 11 1 2874 1
8 42 2 1 10 1 2968 1
8 43 1 1 3 2 19008 1
8 44 1 1 20 2 10355 1
8 45 2 1 4 1 1625 1
8 46 2 1 18 1 5193 1
8 47 1 1 8 2 3688 1
8 48 2 2 5 2 1885 1
8 49 2 2 6 1 3381 1
8 50 1 1 13 2 6091 1
8 51 1 1 1 1 1010 1
8 52 2 2 20 1 4460 1
8 53 1 1 18 1 6639 1
8 54 2 2 18 1 4598 1
8 55 1 2 18 1 9859 1
8 56 2 2 16 2 3336 1
8 57 1 2 5 1 5007 1
8 58 2 2 12 1 3833 1
8 59 1 1 15 2 6465 1
8 60 1 2 8 1 2154 1
8 61 2 2 14 2 4783 1
8 62 1 1 10 1 4554 1
8 63 2 2 9 2 3838 1
8 64 2 1 12 2 2518 1
8 65 2 1 15 1 5102 1
8 66 1 1 14 1 5377 1
8 67 1 1 10 2 9220 1
8 68 2 2 7 2 5318 1
8 69 1 2 13 2 2861 1
8 70 1 2 14 1 5306 1
8 71 1 2 7 1 1879 1
8 72 1 1 6 1 2750 1
8 73 2 2 17 2 11434 1
8 74 1 2 20 2 5602 1
8 75 2 1 11 2 6904 1
8 76 1 2 5 2 2608 1
8 77 1 2 4 1 1524 1
8 78 2 2 5 1 2203 1
8 79 1 2 15 2 4323 1
8 80 2 1 7 1 2560 1
8 81 1 1 17 2 5328 1
8 82 2 2 11 2 3691 1
8 83 1 2 14 2 6280 1
8 84 1 1 12 1 4872 1
8 85 2 1 16 2 4235 1
8 86 2 1 2 2 2012 1
8 87 1 2 16 1 2840 1
8 88 2 1 19 1 4731 1
8 89 1 1 1 2 1160 1
8 90 2 1 17 2 4832 1
8 91 1 1 20 1 4785 1
8 92 1 2 17 2 3739 1
8 93 1 2 17 1 2294 1
8 94 1 2 8 2 4418 1
8 95 2 2 19 1 4323 1
8 96 2 2 1 2 1201 1
8 97 1 2 10 1 2477 1
8 98 2 1 6 2 1843 1
8 99 1 2 9 1 2976 1
8 100 1 1 16 2 5868 1
8 101 2 2 14 1 4281 1
8 102 2 2 9 1 2822 1
8 103 2 1 8 1 3199 1
8 104 2 1 2 1 756 1
8 105 2 1 10 2 3200 1
8 106 1 1 7 2 4967 1
8 107 2 1 6 1 9361 1
8 108 1 1 16 1 9132 1
8 109 2 1 3 2 6818 1
8 110 2 1 17 1 4559 1
8 111 2 1 1 1 1435 1
8 112 2 1 3 1 1743 1
8 113 1 1 13 1 8273 1
8 114 1 2 7 2 1704 1
8 115 2 2 13 2 4199 1
8 116 1 1 3 1 1742 1
8 117 2 2 4 2 1841 1
8 118 2 2 19 2 7802 1
8 119 1 1 5 1 2751 1
8 120 1 1 11 2 4325 1
8 121 2 2 12 2 4425 1
8 122 2 2 16 1 5967 1
8 123 2 2 8 2 3022 1
8 124 2 1 16 1 4015 1
8 125 1 2 19 1 4008 1
8 126 1 2 9 2 3242 1
8 127 1 1 15 1 6916 1
8 128 1 1 7 1 2700 1
8 129 2 2 3 1 2519 1
8 130 2 1 13 1 3971 1
8 131 2 1 5 2 1519 1
8 132 1 1 19 1 5511 1
8 133 1 1 12 2 4334 1
8 134 2 1 14 1 3599 1
8 135 1 2 1 1 1204 1
8 136 2 1 1 2 935 1
8 137 1 1 18 2 5554 1
8 138 1 1 17 1 6732 1
8 139 1 2 6 2 1520 1
8 140 2 1 13 2 3792 1
8 141 1 2 15 1 3647 1
8 142 2 2 15 2 3200 1
8 143 1 2 2 1 1343 1
8 144 2 1 20 1 4694 1
8 145 1 2 18 2 2728 1
8 146 2 2 10 1 4602 1
8 147 2 2 10 2 4371 1
8 148 1 2 19 2 2793 1
8 149 2 1 9 1 2154 1
8 150 1 2 6 1 1971 1
8 151 2 1 8 2 2091 1
8 152 1 1 4 2 1470 1
8 153 2 2 1 1 1066 1
8 154 1 1 2 2 1255 1
8 155 2 2 20 2 5369 1
8 156 2 2 7 1 3554 1
8 157 1 2 3 1 5778 1
8 158 1 1 9 2 3104 1
8 159 2 2 17 1 6819 1
8 160 1 2 10 2 6189 1
8 161 2 2 6 2 4920 1
11 1 1 2 12 1 6414 1
11 2 1 1 15 2 10581 1
11 3 1 1 20 2 10532 1
11 4 1 1 8 2 5831 1
11 5 1 2 19 2 8537 1
11 6 2 1 16 2 18373 2
11 7 2 2 20 2 7591 1
11 8 2 2 10 1 4196 1
11 9 1 2 10 1 4922 1
11 10 2 1 17 2 6208 1
11 11 2 1 20 2 8548 2
11 12 2 2 14 2 10468 1
11 13 2 2 6 1 3418 1
11 14 2 2 15 2 8721 1
11 15 2 1 1 1 9135 2
11 16 2 1 11 2 5278 1
11 17 1 2 5 1 2865 1
11 18 1 1 6 2 3692 1
11 19 2 1 12 2 5464 1
11 20 1 1 12 2 6497 1
11 21 2 1 9 1 3292 1
11 22 2 2 2 2 2925 1
11 23 2 1 10 2 3609 1
11 24 1 2 7 2 2704 1
11 25 1 2 3 1 1563 1
11 26 2 1 18 2 6532 1
11 27 2 1 8 2 3338 1
11 28 2 1 16 1 4600 1
11 29 1 2 4 2 2016 1
11 30 1 1 11 2 5829 1
11 31 2 2 20 1 10302 1
11 32 2 2 1 1 1661 1
11 33 1 1 18 2 9126 1
11 34 2 2 11 2 8900 2
11 35 1 2 17 1 7046 1
11 36 2 1 6 1 2422 1
11 37 2 1 15 1 6366 1
11 38 1 1 14 2 8726 1
11 39 2 2 9 1 4283 1
11 40 2 2 16 2 8318 1
11 41 2 2 6 2 4911 1
11 42 1 1 4 2 2700 1
11 43 2 1 3 1 1792 1
11 44 1 1 6 1 3836 1
11 45 2 2 16 1 9627 1
11 46 1 1 3 2 2197 1
11 47 2 2 17 1 12165 2
11 48 2 2 4 1 2653 1
11 49 2 2 18 2 8996 1
11 50 1 2 16 1 5138 1
11 51 1 1 1 1 1027 1
11 52 1 1 2 1 1475 1
11 53 2 1 2 1 1613 1
11 54 1 2 15 1 5189 1
11 55 2 2 5 1 3419 1
11 56 1 2 15 2 5551 1
11 57 2 1 3 2 1833 1
11 58 1 2 12 1 3963 1
11 59 1 2 4 1 7367 2
11 60 2 2 5 2 3784 1
11 61 2 1 7 2 9901 2
11 62 1 2 5 2 3372 1
11 63 2 1 4 2 1567 1
11 64 2 2 3 2 3606 1
11 65 2 2 8 1 4739 1
11 66 1 2 10 2 6870 2
11 67 1 1 8 1 5188 1
11 68 1 2 20 1 6414 1
11 69 2 2 1 2 1225 1
11 70 2 2 2 1 9994 2
11 71 2 2 17 2 7450 1
11 72 1 2 3 2 1844 1
11 73 2 1 2 2 1655 1
11 74 2 1 9 2 4924 1
11 75 1 2 20 2 6591 1
11 76 2 2 13 1 9995 2
11 77 1 2 18 2 6010 1
11 78 1 1 12 1 5139 1
11 79 2 1 14 1 5005 1
11 80 1 1 10 1 4784 1
11 81 2 2 7 2 4041 1
11 82 2 2 13 2 5368 1
11 83 1 2 2 1 2424 1
11 84 1 2 16 2 5228 1
11 85 1 1 7 1 4331 1
11 86 1 1 11 1 4916 1
11 87 1 1 9 2 3827 1
11 88 1 2 14 1 4376 1
11 89 1 2 1 2 1302 1
11 90 1 1 16 2 7598 2
11 91 1 2 8 2 2515 1
11 92 2 2 15 1 5189 1
11 93 2 2 7 1 5100 1
11 94 1 1 13 2 7999 2
11 95 1 1 5 1 2292 1
11 96 2 2 12 2 5323 1
11 97 1 1 17 1 6138 1
11 98 1 1 3 1 6638 2
11 99 2 1 19 1 4597 1
11 100 1 1 16 1 5875 1
11 101 1 1 17 2 5693 1
11 102 2 1 13 2 4234 1
11 103 1 1 7 2 2717 1
11 104 2 1 6 2 1699 1
11 105 1 2 11 1 3925 1
11 106 1 1 5 2 1979 1
11 107 2 2 11 1 4332 1
11 108 2 1 15 2 4511 1
11 109 2 1 7 1 4823 2
11 110 2 1 4 1 1426 1
11 111 1 1 20 1 6633 1
11 112 1 2 1 1 3244 1
11 113 2 2 12 1 4785 1
11 114 2 2 4 2 2883 1
11 115 1 2 18 1 4199 1
11 116 2 2 19 2 5369 1
11 117 2 1 5 1 3511 1
11 118 2 1 19 2 4849 1
11 119 1 2 9 1 3606 1
11 120 2 1 17 1 5008 1
11 121 1 1 14 1 6598 2
11 122 2 1 10 1 3652 1
11 123 2 2 9 2 4240 1
11 124 2 2 8 2 7766 2
11 125 2 1 13 1 3457 1
11 126 1 2 13 1 4338 1
11 127 1 1 15 1 6665 1
11 128 1 2 2 2 6012 2
11 129 1 2 6 2 2515 1
11 130 2 2 10 2 5691 1
11 131 1 2 17 2 4914 1
11 132 2 2 19 1 6841 1
11 133 2 1 1 2 5411 2
11 134 1 2 6 1 2922 1
11 135 2 1 18 1 4505 1
11 136 1 1 10 2 4381 1
11 137 1 2 13 2 3474 1
11 138 1 1 19 2 6275 1
11 139 2 1 20 1 3830 1
11 140 2 1 14 2 2432 1
11 141 1 1 13 1 3556 1
11 142 2 2 14 1 8767 2
11 143 1 2 14 2 4280 1
11 144 2 2 3 1 8227 2
11 145 1 1 9 1 2841 1
11 146 1 2 9 2 2063 1
11 147 2 1 5 2 2385 1
11 148 1 2 19 1 4652 1
11 149 1 2 12 2 4911 2
11 150 1 1 18 1 6145 1
11 151 1 2 8 1 10666 2
11 152 1 1 2 2 8088 2
11 153 2 1 11 1 4151 1
11 154 1 1 1 2 1526 1
11 155 2 1 8 1 2471 1
11 156 2 1 12 1 3828 1
11 157 1 2 7 1 3088 1
11 158 1 1 4 1 1884 1
11 159 1 1 19 1 5905 1
11 160 2 2 18 1 4958 1
11 161 1 2 11 2 2876 1
13 1 1 2 12 1 12168 1
13 2 2 2 18 2 22230 1
13 3 1 1 7 1 6413 1
13 4 1 1 19 2 17694 1
13 5 1 1 14 2 13573 1
13 6 1 2 3 1 3204 1
13 7 2 1 11 2 8902 1
13 8 2 2 11 2 9397 1
13 9 1 2 1 1 1384 1
13 10 2 1 7 1 4052 1
13 11 2 1 1 2 1387 1
13 12 2 1 10 1 8052 1
13 13 2 1 18 1 14838 1
13 14 1 1 18 2 12171 1
13 15 1 2 2 1 3273 1
13 16 2 2 9 1 20529 2
13 17 2 2 2 2 2611 1
13 18 2 1 13 2 12119 1
13 19 2 2 2 1 1521 1
13 20 1 1 6 2 4244 1
13 21 2 2 3 1 2703 1
13 22 2 2 9 2 15542 2
13 23 1 1 16 1 15206 1
13 24 1 2 7 2 4825 1
13 25 2 1 14 2 9038 1
13 26 2 1 1 1 1382 1
13 27 2 2 4 2 3220 1
13 28 2 1 9 1 6862 1
13 29 1 2 17 2 11402 1
13 30 1 1 12 2 9671 1
13 31 2 1 7 2 7089 1
13 32 2 2 17 2 10809 1
13 33 2 1 15 1 9773 1
13 34 2 1 4 1 3057 1
13 35 2 2 20 1 17243 1
13 36 2 1 6 1 6317 1
13 37 1 1 9 2 10713 1
13 38 1 2 3 2 2649 1
13 39 2 2 18 1 14293 1
13 40 1 1 11 1 7644 1
13 41 1 2 12 1 8909 1
13 42 1 1 12 1 8859 1
13 43 1 2 4 1 3004 1
13 44 1 1 4 1 2720 1
13 45 1 2 13 1 10544 1
13 46 2 2 7 1 4642 1
13 47 2 1 19 2 13035 1
13 48 2 1 12 2 7048 1
13 49 1 1 15 2 13530 1
13 50 2 1 8 1 7619 1
13 51 2 2 8 2 7910 1
13 52 2 1 3 1 2159 1
13 53 2 1 12 1 7820 1
13 54 2 1 3 2 2429 1
13 55 2 2 12 1 8452 1
13 56 1 1 16 2 12102 1
13 57 2 1 18 2 15026 1
13 58 2 1 8 2 7185 1
13 59 1 2 8 2 7553 1
13 60 1 1 1 2 985 1
13 61 2 2 1 2 1299 1
13 62 2 2 19 1 13849 1
13 63 2 2 8 1 6957 1
13 64 2 2 6 1 14121 2
13 65 1 2 13 2 11807 1
13 66 2 1 14 1 12989 1
13 67 2 1 20 1 12752 1
13 68 2 2 14 2 10670 1
13 69 1 2 15 1 10590 1
13 70 1 1 4 2 2829 1
13 71 2 2 10 2 7596 1
13 72 1 2 6 2 3736 1
13 73 2 1 10 2 4558 1
13 74 2 1 17 1 9769 1
13 75 1 2 11 1 5242 1
13 76 1 2 19 1 10994 1
13 77 2 2 5 2 11439 2
13 78 1 1 3 2 1573 1
13 79 1 1 3 1 1389 1
13 80 2 1 16 2 9321 1
13 81 2 2 13 2 5955 1
13 82 1 1 18 1 11541 1
13 83 1 1 6 1 3877 1
13 84 1 2 6 1 3747 1
13 85 1 1 10 1 5016 1
13 86 2 2 16 2 9314 1
13 87 1 2 18 2 12032 1
13 88 1 1 17 2 10317 1
13 89 1 1 8 1 5143 1
13 90 2 1 17 2 10531 1
13 91 2 1 2 2 1479 1
13 92 1 1 7 2 4640 1
13 93 1 2 20 2 9453 1
13 94 2 2 5 1 11537 2
13 95 1 2 5 2 3611 1
13 96 2 2 1 1 13481 1
13 97 1 2 18 1 13706 1
13 98 1 2 16 1 10306 1
13 99 2 2 20 2 15749 1
13 100 1 1 13 1 14655 1
13 101 1 2 12 2 10202 1
13 102 2 1 5 1 4557 1
13 103 2 1 2 1 1483 1
13 104 1 2 1 2 978 1
13 105 1 2 7 1 4736 1
13 106 1 1 13 2 9450 1
13 107 1 2 10 2 6323 1
13 108 1 2 11 2 5988 1
13 109 1 2 10 1 6772 1
13 110 2 2 7 2 6646 1
13 111 2 1 5 2 3449 1
13 112 1 1 15 1 10218 1
13 113 2 2 4 1 3146 1
13 114 2 2 10 1 5822 1
13 115 1 1 14 1 8358 1
13 116 1 2 14 2 7812 1
13 117 1 1 19 1 10581 1
13 118 1 1 1 1 1208 1
13 119 1 1 9 1 4415 1
13 120 1 2 19 2 10834 1
13 121 2 2 6 2 5101 1
13 122 1 1 11 2 7179 1
13 123 1 1 5 1 3197 1
13 124 2 2 15 2 10495 1
13 125 2 1 6 2 4600 1
13 126 2 1 13 1 7303 1
13 127 1 1 20 1 12800 1
13 128 2 2 3 2 2059 1
13 129 1 2 20 1 14202 1
13 130 1 2 9 1 5830 1
13 131 2 1 11 1 8363 1
13 132 1 2 17 1 13029 1
13 133 1 1 17 1 10627 1
13 134 2 1 20 2 11087 1
13 135 1 2 14 1 7723 1
13 136 1 2 8 1 6726 1
13 137 2 2 11 1 8093 1
13 138 2 1 15 2 10854 1
13 139 2 2 14 1 9137 1
13 140 1 2 2 2 932 1
13 141 1 1 8 2 4235 1
13 142 2 2 17 1 10137 1
13 143 1 1 5 2 4518 1
13 144 2 2 19 2 16207 1
13 145 2 1 16 1 12843 1
13 146 1 1 20 2 12940 1
13 147 2 1 9 2 4916 1
13 148 2 2 16 1 12619 1
13 149 2 2 13 1 9220 1
13 150 1 2 16 2 9674 1
13 151 1 1 10 2 6829 1
13 152 1 2 9 2 6917 1
13 153 2 1 4 2 2348 1
13 154 2 2 12 2 7640 1
13 155 1 1 2 2 1297 1
13 156 1 1 2 1 1274 1
13 157 2 2 15 1 9680 1
13 158 1 2 4 2 2837 1
13 159 2 1 19 1 13072 1
13 160 1 2 5 1 5017 1
13 161 1 2 15 2 9243 1
SUBJECT(1:10); TRIAL(1:162); TARGET(0:1000); CONTEXT(0:1000); ROW(0:1000); REP(0:1000); FOUNDRT(0:32767); OKSE(0:1000)
4 1 1 2 12 1 3557 1
4 2 1 1 19 2 7885 1
4 3 1 1 5 2 3763 1
4 4 1 1 18 1 5254 1
4 5 2 2 19 1 3790 1
4 6 2 1 2 1 1160 1
4 7 1 1 4 2 13387 1
4 8 2 1 4 1 1291 1
4 9 1 2 9 1 2784 1
4 10 2 2 10 1 3466 1
4 11 1 1 17 1 6657 1
4 12 1 1 1 1 1629 1
4 13 1 2 11 2 3081 1
4 14 1 2 5 1 6467 1
4 15 2 1 17 2 3986 1
4 16 1 1 4 1 2755 1
4 17 2 2 17 2 11178 1
4 18 2 1 20 1 6425 1
4 19 1 1 20 2 9442 1
4 20 1 1 10 2 6569 1
4 21 2 1 10 1 3844 1
4 22 2 1 19 2 4256 1
4 23 1 1 13 1 5250 1
4 24 1 2 3 1 3695 1
4 25 1 2 20 1 5088 1
4 26 1 2 17 2 4455 1
4 27 1 2 17 1 3748 1
4 28 2 2 18 2 5008 1
4 29 1 1 14 2 5157 1
4 30 1 2 10 1 1620 1
4 31 2 2 3 2 1398 1
4 32 1 1 10 1 2985 1
4 33 1 2 6 1 1813 1
4 34 2 1 2 2 965 1
4 35 1 2 7 2 1442 1
4 36 1 2 2 2 3974 1
4 37 1 2 4 2 1426 1
4 38 2 2 11 1 1728 1
4 39 2 1 6 2 2236 1
4 40 2 2 15 2 2568 1
4 41 2 2 1 1 1957 1
4 42 1 1 16 2 9799 1
4 43 2 1 8 2 2891 1
4 44 1 2 12 2 2850 1
4 45 1 1 9 2 3232 1
4 46 2 1 18 1 14290 1
4 47 1 2 15 2 3315 1
4 48 2 2 13 1 3645 1
4 49 1 2 19 2 3019 1
4 50 1 2 11 1 3264 1
4 51 1 1 12 2 6150 1
4 52 2 2 9 2 2350 1
4 53 1 1 16 1 6055 1
4 54 2 2 8 2 2380 1
4 55 1 2 6 2 1864 1
4 56 2 1 12 1 3704 1
4 57 1 1 17 2 4830 1
4 58 1 2 8 1 1728 1
4 59 1 1 7 1 2994 1
4 60 2 2 8 1 2656 1
4 61 1 1 20 1 7610 1
4 62 2 2 6 2 1868 1
4 63 2 2 19 2 4266 1
4 64 2 1 20 2 1904 1
4 65 2 2 10 2 2951 1
4 66 2 2 12 2 1954 1
4 67 2 1 14 2 2516 1
4 68 2 1 3 2 4075 1
4 69 2 1 6 1 1763 1
4 70 2 2 18 1 2943 1
4 71 2 2 4 1 4874 1
4 72 2 1 13 1 5293 1
4 73 2 2 14 2 7746 1
4 74 2 1 16 2 4307 1
4 75 2 2 13 2 8355 1
4 76 2 2 16 2 4829 1
4 77 2 1 16 1 2471 1
4 78 2 1 5 1 2946 1
4 79 1 1 13 2 3588 1
4 80 1 1 14 1 7692 1
4 81 2 1 13 2 4251 1
4 82 2 2 5 1 1860 1
4 83 1 1 2 1 1630 1
4 84 2 2 1 2 920 1
4 85 2 1 14 1 11231 1
4 86 1 1 1 2 1442 1
4 87 2 2 9 1 2386 1
4 88 1 1 3 1 1534 1
4 89 1 1 15 1 4680 1
4 90 1 2 7 1 2235 1
4 91 2 1 9 2 3554 1
4 92 1 1 6 2 3186 1
4 93 1 2 18 1 3741 1
4 94 2 2 17 1 4661 1
4 95 2 2 5 2 1952 1
4 96 1 1 9 1 14186 1
4 97 2 1 10 2 3415 1
4 98 2 2 3 1 1435 1
4 99 1 1 8 2 2993 1
4 100 2 2 14 1 4165 1
4 101 2 1 7 2 1718 1
4 102 2 1 5 2 4869 1
4 103 2 2 2 2 1013 1
4 104 2 1 9 1 2622 1
4 105 2 1 15 2 2745 1
4 106 2 1 11 2 5205 1
4 107 2 1 3 1 1103 1
4 108 1 1 2 2 872 1
4 109 1 2 13 1 1863 1
4 110 1 2 10 2 1197 1
4 111 1 1 19 1 6056 1
4 112 1 1 8 1 4170 1
4 113 1 2 16 2 4022 1
4 114 1 2 14 2 5290 1
4 115 2 2 11 2 3638 1
4 116 2 2 7 1 3296 1
4 117 2 1 7 1 2515 1
4 118 2 2 4 2 2006 1
4 119 2 2 2 1 3042 1
4 120 1 1 5 1 2518 1
4 121 1 1 6 1 2091 1
4 122 2 1 17 1 4119 1
4 123 1 2 16 1 3799 1
4 124 1 2 5 2 3409 1
4 125 1 2 19 1 3233 1
4 126 1 1 7 2 1763 1
4 127 1 2 4 1 1202 1
4 128 2 1 1 2 1728 1
4 129 2 2 7 2 2611 1
4 130 2 2 20 1 4121 1
4 131 2 1 1 1 1620 1
4 132 1 2 14 1 3079 1
4 133 1 2 1 2 820 1
4 134 1 1 18 2 5387 1
4 135 1 2 8 2 1539 1
4 136 1 1 15 2 5154 1
4 137 2 1 8 1 5485 1
4 138 2 1 11 1 2919 1
4 139 2 1 15 1 5773 1
4 140 1 2 3 2 1252 1
4 141 2 1 18 2 3977 1
4 142 1 2 20 2 2690 1
4 143 2 1 4 2 3373 1
4 144 1 2 9 2 2289 1
4 145 2 1 12 2 2998 1
4 146 1 2 13 2 2666 1
4 147 2 1 19 1 2244 1
4 148 1 2 1 1 2286 1
4 149 2 2 16 1 2987 1
4 150 2 2 20 2 3324 1
4 151 2 2 6 1 2423 1
4 152 2 2 12 1 2750 1
4 153 1 2 2 1 1206 1
4 154 1 2 18 2 2952 1
4 155 2 2 15 1 3556 1
4 156 1 2 12 1 2891 1
4 157 1 2 15 1 3268 1
4 158 1 1 11 1 6384 1
4 159 1 1 11 2 3044 1
4 160 1 1 12 1 3789 1
4 161 1 1 3 2 5538 1
6 1 1 2 12 1 6617 1
6 2 1 1 8 1 4916 1
6 3 2 1 20 1 10658 1
6 4 1 1 20 1 11512 1
6 5 1 2 3 2 1442 1
6 6 1 1 16 1 14574 2
6 7 1 2 12 1 9770 1
6 8 2 2 3 2 1963 1
6 9 1 1 12 2 8354 1
6 10 2 2 3 1 2429 1
6 11 1 1 15 1 8505 1
6 12 1 2 12 2 8880 1
6 13 1 2 6 1 3835 1
6 14 2 1 3 2 1020 1
6 15 2 2 10 1 5254 1
6 16 1 2 18 2 14824 1
6 17 2 2 11 2 9903 1
6 18 1 2 11 1 5106 1
6 19 1 2 13 2 8594 1
6 20 1 1 6 2 3977 1
6 21 1 2 17 1 12169 1
6 22 2 1 12 1 7746 1
6 23 2 1 9 2 7177 1
6 24 1 1 18 1 12585 1
6 25 2 1 4 2 2891 1
6 26 1 2 20 1 18611 1
6 27 2 1 8 2 5956 1
6 28 1 1 10 1 8492 2
6 29 2 2 9 2 6952 1
6 30 1 1 14 1 9162 1
6 31 2 2 5 1 3327 1
6 32 1 2 16 2 12829 1
6 33 2 1 3 1 2280 2
6 34 1 2 10 2 5676 1
6 35 1 1 7 1 2334 1
6 36 1 2 7 1 7041 1
6 37 1 2 4 2 3136 1
6 38 2 2 12 2 6986 1
6 39 1 1 20 2 12594 1
6 40 2 2 19 2 14282 1
6 41 2 2 8 1 5388 1
6 42 1 1 3 1 3513 1
6 43 1 2 7 2 5490 1
6 44 1 1 12 1 8024 1
6 45 2 2 7 1 4454 1
6 46 2 2 13 1 8997 1
6 47 2 1 10 1 6387 1
6 48 1 1 19 2 14659 1
6 49 1 1 9 1 6187 1
6 50 2 2 16 2 10812 1
6 51 2 2 15 2 10705 1
6 52 1 2 9 1 7649 2
6 53 1 1 2 1 2473 2
6 54 2 1 18 1 10011 1
6 55 1 2 15 1 9297 1
6 56 2 1 19 2 13258 1
6 57 1 1 7 2 5210 1
6 58 1 1 16 2 12448 1
6 59 2 1 13 1 9567 1
6 60 2 2 9 1 6571 1
6 61 2 2 7 2 4775 1
6 62 1 2 11 2 7459 1
6 63 1 1 18 2 13854 1
6 64 2 1 2 1 1538 1
6 65 2 1 11 2 8340 1
6 66 2 1 5 2 3698 1
6 67 2 1 2 2 1296 1
6 68 1 1 1 2 1185 2
6 69 1 2 14 2 8731 1
6 70 1 2 1 2 2423 2
6 71 1 2 5 1 3460 1
6 72 2 1 18 2 11227 1
6 73 2 2 18 1 12446 1
6 74 2 2 18 2 9396 2
6 75 2 1 1 1 1064 1
6 76 1 1 14 2 8600 2
6 77 2 2 13 2 4828 2
6 78 1 1 8 2 4163 1
6 79 1 1 4 2 4223 1
6 80 2 2 1 1 917 1
6 81 2 2 6 1 3463 1
6 82 2 2 1 2 813 1
6 83 1 2 8 2 4223 1
6 84 2 1 13 2 8271 1
6 85 2 1 9 1 3930 1
6 86 2 1 15 1 8643 1
6 87 1 2 16 1 9814 1
6 88 1 1 5 1 3226 2
6 89 2 1 19 1 2575 2
6 90 2 1 5 1 2483 1
6 91 2 2 17 2 9672 1
6 92 1 2 1 1 1831 1
6 93 1 1 10 2 6140 1
6 94 2 2 16 1 12308 1
6 95 2 1 4 1 3224 1
6 96 1 1 15 2 10855 1
6 97 1 2 13 1 7589 1
6 98 2 1 17 1 11983 1
6 99 1 2 15 2 11319 1
6 100 1 1 3 2 1727 1
6 101 2 2 5 2 2847 1
6 102 2 2 11 1 8305 1
6 103 1 1 11 1 8268 1
6 104 1 2 4 1 2308 1
6 105 2 2 19 1 12359 1
6 106 1 1 2 2 2174 1
6 107 1 2 10 1 5069 1
6 108 1 1 11 2 5823 1
6 109 2 1 16 1 12739 1
6 110 1 2 19 1 13983 1
6 111 2 2 14 2 10128 1
6 112 1 1 17 1 10287 1
6 113 2 2 6 2 3368 1
6 114 1 2 9 2 5259 1
6 115 1 1 9 2 6479 1
6 116 2 1 14 2 10808 1
6 117 2 1 14 1 9343 1
6 118 1 2 2 2 1020 1
6 119 2 2 4 2 2235 1
6 120 2 2 20 1 14854 1
6 121 2 2 14 1 9067 1
6 122 2 1 12 2 7047 1
6 123 2 1 20 2 11703 1
6 124 1 1 13 1 7489 1
6 125 2 2 17 1 9870 1
6 126 2 2 12 1 7095 1
6 127 1 1 19 1 12435 1
6 128 2 1 1 2 1248 1
6 129 1 1 13 2 6711 1
6 130 2 1 16 2 9728 1
6 131 2 1 17 2 9157 1
6 132 1 2 19 2 12921 1
6 133 2 1 6 1 4411 1
6 134 2 1 8 1 5541 1
6 135 2 2 10 2 8974 1
6 136 2 2 8 2 6940 1
6 137 1 2 8 1 5300 1
6 138 1 2 3 1 1623 1
6 139 1 2 5 2 2922 1
6 140 1 1 5 2 3136 1
6 141 2 1 15 2 10566 1
6 142 1 1 17 2 10013 1
6 143 2 1 7 1 5343 1
6 144 2 2 20 2 14476 1
6 145 2 2 15 1 11933 1
6 146 2 2 2 2 1104 1
6 147 2 2 2 1 919 1
6 148 1 1 4 1 2738 1
6 149 1 2 6 2 3487 1
6 150 2 1 6 2 3932 1
6 151 2 2 4 1 2381 1
6 152 2 1 10 2 6714 1
6 153 1 2 20 2 14710 1
6 154 2 1 11 1 7231 1
6 155 1 2 17 2 12872 1
6 156 1 1 6 1 3559 1
6 157 1 1 1 1 1300 1
6 158 1 2 2 1 1818 1
6 159 2 1 7 2 4486 1
6 160 1 2 18 1 9956 1
6 161 1 2 14 1 8122 1
10 1 1 2 12 1 6007 1
10 2 2 2 17 1 7180 1
10 3 1 2 11 1 2613 1
10 4 2 1 1 1 5441 1
10 5 2 2 18 2 5397 1
10 6 1 1 14 1 7464 1
10 7 1 2 19 2 3510 1
10 8 2 2 2 1 2452 1
10 9 1 2 7 2 3601 1
10 10 2 1 5 1 4316 1
10 11 1 2 19 1 5632 1
10 12 1 2 1 2 1488 1
10 13 1 2 6 1 2516 1
10 14 2 2 6 1 3846 1
10 15 2 1 20 2 7143 1
10 16 2 2 13 1 3468 1
10 17 1 2 4 1 1775 1
10 18 1 1 9 1 5209 1
10 19 2 1 9 2 4976 1
10 20 2 1 2 1 1914 1
10 21 1 1 6 1 10718 2
10 22 2 1 18 2 4078 1
10 23 2 2 9 2 3133 1
10 24 2 2 14 1 4528 1
10 25 1 2 1 1 972 1
10 26 2 2 15 2 4070 1
10 27 2 2 12 2 2993 1
10 28 2 1 14 2 5583 1
10 29 1 1 18 2 4685 1
10 30 1 1 11 1 8881 1
10 31 1 1 1 1 1811 1
10 32 2 2 15 1 4737 1
10 33 2 1 3 1 1487 1
10 34 1 1 18 1 8169 1
10 35 2 1 9 1 1909 1
10 36 2 1 10 2 2244 1
10 37 2 1 19 1 3325 1
10 38 1 2 17 1 3375 1
10 39 1 2 8 1 3706 1
10 40 1 1 11 2 5201 1
10 41 2 2 3 1 1702 1
10 42 1 2 12 1 1918 1
10 43 1 1 4 1 5206 1
10 44 1 2 15 2 10156 1
10 45 2 1 1 2 6188 1
10 46 1 1 2 2 2102 1
10 47 1 2 13 2 5959 1
10 48 1 2 4 2 1520 1
10 49 1 1 16 2 9062 1
10 50 2 2 5 1 5107 1
10 51 1 1 8 1 2308 1
10 52 1 1 8 2 2288 1
10 53 2 1 15 1 2751 1
10 54 2 2 16 1 2999 1
10 55 2 2 6 2 1115 1
10 56 1 1 13 1 7608 1
10 57 1 1 2 1 1583 1
10 58 1 1 13 2 9874 1
10 59 2 2 8 1 1490 1
10 60 1 2 3 2 1399 1
10 61 1 1 16 1 3648 1
10 62 1 1 12 2 2712 1
10 63 2 1 16 1 3179 1
10 64 1 1 14 2 4258 1
10 65 2 2 12 1 2384 1
10 66 1 1 19 1 9214 1
10 67 2 1 12 1 1891 1
10 68 2 1 20 1 6859 1
10 69 1 1 10 2 2903 1
10 70 1 1 1 2 7650 1
10 71 2 1 13 1 1935 1
10 72 2 1 18 1 3601 1
10 73 2 2 18 1 4592 1
10 74 1 2 18 1 3745 1
10 75 1 2 16 1 4272 1
10 76 2 2 1 1 1070 1
10 77 1 1 20 1 6802 1
10 78 2 1 15 2 2559 1
10 79 1 1 6 2 3419 1
10 80 2 1 3 2 1676 1
10 81 1 1 17 1 6180 1
10 82 2 2 4 1 8262 1
10 83 2 1 8 2 2105 1
10 84 2 2 20 1 4690 1
10 85 2 1 16 2 6101 1
10 86 2 1 17 2 2660 1
10 87 1 1 7 1 3652 1
10 88 2 2 20 2 3929 1
10 89 1 1 3 1 2752 1
10 90 1 1 3 2 6057 1
10 91 1 1 15 2 4031 1
10 92 2 2 9 1 2385 1
10 93 1 2 5 2 1386 1
10 94 1 1 15 1 4126 1
10 95 2 2 3 2 1439 1
10 96 2 2 4 2 1529 1
10 97 1 2 2 1 7566 1
10 98 2 2 1 2 1012 1
10 99 1 2 5 1 1774 1
10 100 2 1 8 1 1816 1
10 101 1 1 9 2 2947 1
10 102 2 1 7 1 4411 1
10 103 2 2 19 2 5069 1
10 104 2 1 14 1 3466 1
10 105 1 2 18 2 2621 1
10 106 1 2 20 1 4404 1
10 107 2 1 11 1 1579 1
10 108 1 1 5 2 2004 1
10 109 1 2 11 2 1765 1
10 110 2 1 12 2 2199 1
10 111 1 2 16 2 2359 1
10 112 1 1 20 2 3278 1
10 113 1 2 9 2 5114 1
10 114 1 1 4 2 6476 1
10 115 2 1 6 2 1839 1
10 116 1 1 17 2 5229 1
10 117 1 2 3 1 6433 1
10 118 2 2 19 1 5289 1
10 119 2 1 7 2 1868 1
10 120 2 1 6 1 1742 1
10 121 2 1 17 1 4729 1
10 122 1 2 13 1 2570 1
10 123 2 2 14 2 2563 1
10 124 1 1 7 2 2186 1
10 125 1 2 14 1 7022 1
10 126 1 2 9 1 2388 1
10 127 1 2 17 2 2409 1
10 128 2 2 8 2 2705 1
10 129 2 1 13 2 2952 1
10 130 2 2 17 2 4215 1
10 131 1 2 10 2 2432 1
10 132 1 2 20 2 4365 1
10 133 2 2 13 2 3421 1
10 134 2 1 4 2 1908 1
10 135 2 2 10 2 2430 1
10 136 1 1 5 1 4781 1
10 137 1 2 15 1 4457 1
10 138 2 2 5 2 1527 1
10 139 1 1 12 1 6953 1
10 140 2 2 16 2 3422 1
10 141 2 2 11 2 2333 1
10 142 2 2 7 2 1910 1
10 143 1 2 8 2 5482 1
10 144 2 2 11 1 2084 1
10 145 1 1 19 2 4172 1
10 146 2 1 5 2 2245 1
10 147 1 2 10 1 1676 1
10 148 2 1 4 1 919 1
10 149 2 2 7 1 2100 1
10 150 2 1 10 1 1438 1
10 151 1 2 2 2 2764 1
10 152 1 1 10 1 4081 1
10 153 1 2 14 2 5721 1
10 154 2 1 19 2 2902 1
10 155 2 2 2 2 1721 1
10 156 2 1 2 2 1276 1
10 157 1 2 12 2 2383 1
10 158 1 2 7 1 4166 1
10 159 1 2 6 2 6601 1
10 160 2 2 10 1 3130 1
10 161 2 1 11 2 1853 1
SUBJECT(1:14); TRIAL(1:162); TARGET(0:1000); CONTEXT(0:1000); ROW(0:1000); REP(0:1000); FOUNDRT(0:32767); OKSE(0:1000)
1 1 1 2 12 1 5943 1
1 2 2 1 5 1 2335 1
1 3 1 2 3 2 3834 2
1 4 1 2 19 2 9938 1
1 5 1 1 3 1 3637 1
1 6 2 1 6 1 3314 1
1 7 2 2 10 2 5527 1
1 8 1 1 5 1 3603 1
1 9 2 1 12 2 4915 1
1 10 1 2 16 2 11013 2
1 11 1 1 7 1 4587 1
1 12 2 2 19 2 10432 1
1 13 1 2 15 1 6184 1
1 14 1 2 2 2 1995 1
1 15 2 2 1 1 1207 1
1 16 2 2 16 1 7028 1
1 17 2 1 8 1 2991 1
1 18 2 1 10 1 4021 1
1 19 1 2 20 2 6745 1
1 20 2 2 18 1 8698 1
1 21 2 2 17 2 7775 1
1 22 1 1 7 2 3686 1
1 23 2 1 11 2 4418 1
1 24 2 1 12 1 4156 1
1 25 2 2 5 2 2703 1
1 26 1 2 8 1 3078 1
1 27 1 1 2 1 2279 1
1 28 2 1 15 2 5143 1
1 29 2 1 7 2 2661 1
1 30 1 1 5 2 3463 1
1 31 1 1 3 2 2042 1
1 32 1 2 20 1 6173 1
1 33 2 2 4 1 2329 1
1 34 1 1 17 2 9792 1
1 35 1 1 20 1 7913 1
1 36 2 1 16 1 5005 1
1 37 2 1 2 1 1387 1
1 38 1 2 7 2 2263 1
1 39 1 1 13 1 5284 1
1 40 2 1 4 2 1722 1
1 41 2 2 9 1 3687 1
1 42 2 1 3 1 1620 1
1 43 2 2 8 2 11161 1
1 44 1 2 14 1 4965 1
1 45 1 2 18 1 6118 1
1 46 2 1 9 2 2613 1
1 47 1 2 4 1 1484 1
1 48 2 1 20 2 4447 1
1 49 2 1 19 2 5854 1
1 50 2 2 2 1 7027 2
1 51 1 1 14 1 8458 1
1 52 1 2 19 1 6320 1
1 53 1 2 13 1 4864 1
1 54 1 2 2 1 1667 1
1 55 1 1 18 2 8367 1
1 56 1 2 6 2 2998 1
1 57 2 1 14 1 4727 1
1 58 1 2 13 2 4024 1
1 59 1 2 11 1 2792 1
1 60 2 1 13 1 3529 1
1 61 2 1 19 1 4912 1
1 62 1 1 6 1 2612 1
1 63 1 1 1 2 1068 1
1 64 2 2 6 2 2218 1
1 65 1 2 18 2 4391 1
1 66 1 1 9 2 2992 1
1 67 1 2 6 1 1534 1
1 68 1 1 11 1 3974 1
1 69 1 1 12 1 4444 1
1 70 2 2 13 1 4772 1
1 71 1 1 14 2 4730 1
1 72 2 2 3 1 1670 1
1 73 1 1 4 2 1573 1
1 74 2 2 9 2 2797 1
1 75 1 2 9 1 2847 1
1 76 2 2 1 2 1015 1
1 77 1 2 3 1 1338 1
1 78 1 1 9 1 3791 1
1 79 1 2 12 1 3272 1
1 80 2 1 8 2 2417 1
1 81 1 1 15 1 5611 1
1 82 2 1 9 1 2516 1
1 83 1 1 11 2 3601 1
1 84 1 1 8 2 2376 1
1 85 1 2 8 2 2706 1
1 86 2 2 11 1 4424 1
1 87 2 2 3 2 1865 1
1 88 2 1 3 2 1138 1
1 89 1 2 4 2 1485 1
1 90 1 2 14 2 4495 1
1 91 1 1 19 2 6392 1
1 92 1 2 1 2 1067 1
1 93 1 2 7 1 2374 1
1 94 1 2 5 2 1537 1
1 95 2 1 5 2 1348 1
1 96 2 2 18 2 5519 1
1 97 1 2 15 2 4721 1
1 98 2 1 6 2 1806 1
1 99 2 2 2 2 1201 1
1 100 1 1 16 2 5855 1
1 101 1 2 10 1 3414 1
1 102 2 2 7 1 3931 1
1 103 2 2 12 2 4249 1
1 104 1 2 1 1 919 1
1 105 2 2 15 1 5335 1
1 106 2 2 8 1 2983 1
1 107 1 1 15 2 5131 1
1 108 2 1 15 1 4017 1
1 109 1 1 4 1 2276 1
1 110 2 2 10 1 3644 1
1 111 1 2 5 1 1865 1
1 112 1 1 6 2 2991 1
1 113 1 1 12 2 4260 1
1 114 1 1 13 2 4539 1
1 115 1 2 11 2 2917 1
1 116 2 1 2 2 731 1
1 117 1 1 1 1 951 1
1 118 1 2 17 2 4576 1
1 119 2 1 13 2 3273 1
1 120 2 2 5 1 2052 1
1 121 2 1 1 2 1011 1
1 122 1 1 8 1 2371 1
1 123 2 1 17 1 4446 1
1 124 2 2 20 2 4916 1
1 125 2 2 12 1 4110 1
1 126 2 1 16 2 3551 1
1 127 2 2 13 2 4439 1
1 128 1 2 17 1 3827 1
1 129 1 1 10 1 3408 1
1 130 2 2 20 1 5901 1
1 131 2 1 4 1 1292 1
1 132 2 1 18 1 4259 1
1 133 2 2 17 1 5847 1
1 134 2 2 7 2 2510 1
1 135 2 1 20 1 4491 1
1 136 1 2 9 2 3126 1
1 137 1 1 2 2 1018 1
1 138 1 1 17 1 5098 1
1 139 2 1 18 2 3552 1
1 140 1 1 16 1 4346 1
1 141 2 2 19 1 5754 1
1 142 2 2 4 2 1486 1
1 143 2 2 14 2 4768 1
1 144 1 2 16 1 4060 1
1 145 1 1 20 2 4769 1
1 146 2 1 10 2 2329 1
1 147 1 1 19 1 3873 1
1 148 2 2 16 2 4440 1
1 149 2 1 7 1 1791 1
1 150 2 1 11 1 2849 1
1 151 1 1 18 1 5009 1
1 152 2 1 1 1 925 1
1 153 2 2 14 1 4956 1
1 154 2 1 14 2 3556 1
1 155 1 1 10 2 3835 1
1 156 1 2 12 2 4120 1
1 157 2 2 15 2 5712 1
1 158 2 2 11 2 2946 1
1 159 2 2 6 1 1955 1
1 160 2 1 17 2 3639 1
1 161 1 2 10 2 2712 1
7 1 1 2 12 1 7780 1
7 2 2 1 18 2 6280 1
7 3 1 1 18 1 8722 1
7 4 1 1 3 1 1767 1
7 5 2 2 7 1 2542 1
7 6 2 2 2 2 10730 2
7 7 1 1 1 1 1161 1
7 8 2 2 5 1 2379 1
7 9 1 1 14 1 6514 1
7 10 1 2 10 2 3365 1
7 11 1 2 5 1 1388 1
7 12 1 2 20 2 6783 1
7 13 2 1 13 1 3228 1
7 14 2 1 4 2 878 1
7 15 2 1 9 1 1297 1
7 16 2 2 16 1 4947 1
7 17 1 2 10 1 2420 1
7 18 1 2 19 2 3834 1
7 19 1 1 20 1 20030 2
7 20 2 1 20 1 4019 1
7 21 2 2 15 2 5380 1
7 22 2 2 3 2 1488 1
7 23 2 2 17 1 3545 1
7 24 1 2 18 2 4250 1
7 25 2 1 6 2 1484 1
7 26 1 1 5 1 2189 1
7 27 2 1 20 2 2776 1
7 28 2 2 9 1 2233 1
7 29 1 2 14 1 2431 1
7 30 2 2 13 1 3498 1
7 31 2 1 9 2 1576 1
7 32 1 2 5 2 1108 1
7 33 1 1 2 1 1460 1
7 34 1 2 7 1 2070 1
7 35 2 1 2 2 1152 1
7 36 1 1 16 2 7732 2
7 37 1 1 19 1 13041 2
7 38 2 2 2 1 639 1
7 39 2 1 4 1 963 1
7 40 2 2 18 1 5198 1
7 41 1 2 1 1 729 1
7 42 2 1 10 1 2426 1
7 43 2 1 16 2 2232 1
7 44 1 2 3 1 960 1
7 45 1 1 13 1 7876 1
7 46 1 1 7 2 2992 1
7 47 1 1 9 2 3274 1
7 48 1 2 9 1 1664 1
7 49 1 1 13 2 6273 1
7 50 2 2 17 2 7774 1
7 51 1 2 16 2 2705 1
7 52 1 2 12 1 1157 1
7 53 1 2 1 2 774 1
7 54 2 2 4 2 874 1
7 55 2 2 12 1 3552 1
7 56 2 2 19 2 6044 2
7 57 1 2 13 2 3741 1
7 58 1 2 2 1 678 1
7 59 2 1 3 2 774 1
7 60 2 2 13 2 5805 1
7 61 1 1 11 1 5427 1
7 62 1 1 15 1 5287 1
7 63 1 2 17 2 6458 1
7 64 1 1 18 2 10087 2
7 65 1 2 19 1 6514 1
7 66 1 1 10 2 6369 1
7 67 2 1 17 2 2843 1
7 68 2 2 18 2 6885 1
7 69 2 1 5 1 2190 1
7 70 2 2 6 2 1392 1
7 71 2 1 11 1 1746 1
7 72 2 2 14 1 6793 1
7 73 2 2 12 2 4486 1
7 74 2 2 9 2 3969 1
7 75 2 2 10 1 4026 1
7 76 1 2 12 2 2758 1
7 77 1 2 16 1 4162 1
7 78 2 1 17 1 2135 1
7 79 2 1 2 1 645 1
7 80 1 2 4 2 726 1
7 81 1 2 7 2 824 1
7 82 1 2 2 2 858 1
7 83 2 2 7 2 969 1
7 84 2 1 11 2 1389 1
7 85 2 1 15 1 2309 1
7 86 1 1 12 1 4771 1
7 87 1 2 8 1 2288 1
7 88 1 2 8 2 1715 1
7 89 1 1 1 2 828 1
7 90 1 2 6 2 1148 1
7 91 2 2 1 2 626 1
7 92 1 1 8 2 1956 1
7 93 1 1 17 2 4204 1
7 94 2 1 12 2 2379 1
7 95 2 1 5 2 1295 1
7 96 1 1 19 2 6742 1
7 97 2 1 19 2 5155 1
7 98 2 2 6 1 1865 1
7 99 1 2 14 2 3267 1
7 100 2 1 7 2 1291 1
7 101 1 1 8 1 3880 1
7 102 1 2 13 1 3084 1
7 103 1 1 2 2 971 1
7 104 1 2 11 1 2191 1
7 105 2 2 20 1 6978 1
7 106 1 2 6 1 1583 1
7 107 2 1 18 1 2334 1
7 108 1 1 10 1 3646 1
7 109 1 1 5 2 2747 1
7 110 1 1 20 2 6507 1
7 111 2 1 8 2 1336 1
7 112 1 1 3 2 1105 1
7 113 1 2 15 2 3275 1
7 114 2 1 6 1 823 1
7 115 1 2 15 1 4393 1
7 116 1 1 4 1 1178 1
7 117 1 2 18 1 4775 1
7 118 1 1 9 1 3318 1
7 119 2 2 19 1 5717 1
7 120 1 1 4 2 1300 1
7 121 1 2 9 2 2570 1
7 122 2 2 5 2 1760 1
7 123 2 2 11 1 3291 1
7 124 2 2 16 2 4443 1
7 125 1 2 4 1 962 1
7 126 1 2 17 1 2755 1
7 127 2 2 4 1 11257 2
7 128 2 2 14 2 4873 1
7 129 1 1 16 1 7116 1
7 130 1 2 11 2 5940 2
7 131 2 1 10 2 2276 1
7 132 2 1 7 1 1392 1
7 133 2 1 3 1 964 1
7 134 2 1 13 2 3437 1
7 135 2 2 11 2 3695 1
7 136 1 1 6 1 2186 1
7 137 2 2 8 1 3203 1
7 138 1 1 6 2 2805 1
7 139 1 1 12 2 3651 1
7 140 2 1 15 2 4072 1
7 141 2 2 10 2 3974 1
7 142 2 1 16 1 3311 1
7 143 2 2 20 2 6563 1
7 144 2 1 1 2 682 1
7 145 2 1 8 1 1481 1
7 146 1 2 3 2 737 1
7 147 1 1 11 2 4627 1
7 148 2 1 19 1 4155 1
7 149 2 2 15 1 7960 2
7 150 1 1 17 1 7029 1
7 151 2 1 14 2 2511 1
7 152 2 1 12 1 2572 1
7 153 1 1 14 2 5141 1
7 154 2 2 3 1 1771 1
7 155 2 2 8 2 2704 1
7 156 2 2 1 1 587 1
7 157 2 1 1 1 592 1
7 158 1 1 15 2 5859 1
7 159 2 1 14 1 2098 1
7 160 1 2 20 1 3644 1
7 161 1 1 7 1 2287 1
12 1 1 2 12 1 4067 1
12 2 1 2 3 1 1104 1
12 3 2 1 20 2 4110 1
12 4 2 2 16 1 18347 1
12 5 2 1 15 2 5147 1
12 6 1 1 13 2 10454 1
12 7 2 1 11 2 3594 1
12 8 1 2 6 1 9745 1
12 9 2 1 7 2 4771 1
12 10 1 1 10 2 4445 1
12 11 1 2 19 2 3974 1
12 12 1 1 17 1 6140 1
12 13 1 1 16 1 11687 1
12 14 1 2 13 2 3549 1
12 15 2 2 9 2 7635 1
12 16 1 1 14 1 8815 1
12 17 2 2 1 2 2593 1
12 18 1 2 9 1 4209 1
12 19 2 2 11 2 4827 1
12 20 2 1 3 2 1531 1
12 21 2 1 2 2 1735 1
12 22 2 2 13 1 7592 1
12 23 1 2 4 1 1720 1
12 24 2 1 18 2 9800 1
12 25 1 1 11 1 6835 1
12 26 2 2 3 2 3406 1
12 27 2 1 8 2 8961 1
12 28 1 1 19 1 8356 1
12 29 1 2 10 2 5478 1
12 30 2 2 15 1 4874 1
12 31 1 1 9 1 4776 1
12 32 2 2 20 1 7917 1
12 33 2 1 10 1 6367 1
12 34 2 1 18 1 7497 1
12 35 1 2 2 1 2281 1
12 36 2 2 5 1 16955 1
12 37 1 2 3 2 2146 1
12 38 1 2 12 1 7352 1
12 39 2 1 16 1 7118 1
12 40 2 2 13 2 8352 1
12 41 1 2 5 2 8622 1
12 42 1 1 15 2 5288 1
12 43 1 1 12 1 6800 1
12 44 1 2 11 2 4633 1
12 45 2 2 19 2 8155 1
12 46 1 2 10 1 4237 1
12 47 1 1 7 1 3124 1
12 48 2 1 20 1 9278 1
12 49 1 1 7 2 3121 1
12 50 1 1 3 2 1626 1
12 51 1 2 11 1 3592 1
12 52 2 1 3 1 4436 1
12 53 2 1 19 1 10783 1
12 54 2 2 6 1 8531 1
12 55 2 1 1 2 1255 1
12 56 2 2 2 1 1432 1
12 57 1 1 15 1 5951 1
12 58 2 2 18 2 5288 1
12 59 1 2 8 2 3552 1
12 60 1 2 8 1 2798 1
12 61 2 2 5 2 4534 1
12 62 1 2 1 1 1299 1
12 63 1 1 4 2 3128 1
12 64 1 2 16 1 4782 1
12 65 1 1 8 1 6599 1
12 66 2 1 9 2 6516 1
12 67 1 1 20 1 4159 1
12 68 2 2 7 1 10603 1
12 69 1 2 15 2 2476 1
12 70 1 1 4 1 11067 1
12 71 1 1 20 2 7450 1
12 72 2 1 10 2 9947 1
12 73 1 2 5 1 9188 1
12 74 1 1 6 1 3170 1
12 75 1 1 18 1 6560 1
12 76 2 2 16 2 10544 1
12 77 2 1 6 1 1853 1
12 78 2 1 13 1 7455 1
12 79 2 1 5 2 2189 1
12 80 2 2 14 2 7167 1
12 81 2 1 1 1 1070 1
12 82 2 2 11 1 6038 1
12 83 2 2 1 1 1112 1
12 84 2 2 10 2 6622 1
12 85 1 1 13 1 4299 1
12 86 1 1 18 2 4163 1
12 87 2 1 6 2 6453 1
12 88 1 2 7 2 4656 1
12 89 2 1 12 1 3500 1
12 90 1 2 17 2 1951 1
12 91 2 2 12 1 6109 1
12 92 2 2 6 2 3976 1
12 93 2 2 8 2 3086 1
12 94 2 2 15 2 3363 1
12 95 1 2 14 2 2606 1
12 96 1 2 15 1 2990 1
12 97 1 1 14 2 3926 1
12 98 1 1 19 2 6364 1
12 99 1 1 12 2 2610 1
12 100 1 1 10 1 6265 1
12 101 2 1 12 2 8150 1
12 102 1 2 7 1 1391 1
12 103 1 1 5 1 2788 1
12 104 1 1 2 2 772 1
12 105 1 2 12 2 3825 1
12 106 1 2 13 1 3122 1
12 107 1 2 19 1 4678 1
12 108 1 1 8 2 2124 1
12 109 1 2 17 1 4266 1
12 110 1 2 16 2 5954 1
12 111 2 1 16 2 4615 1
12 112 2 2 4 1 4239 1
12 113 2 1 14 1 4533 1
12 114 1 1 11 2 9148 1
12 115 1 1 5 2 2847 1
12 116 1 1 16 2 4902 1
12 117 2 2 7 2 4249 1
12 118 2 2 20 2 5799 1
12 119 2 2 2 2 6883 1
12 120 2 1 7 1 5905 1
12 121 2 2 12 2 5855 1
12 122 2 1 14 2 6697 1
12 123 2 1 5 1 2752 1
12 124 2 2 17 1 7869 1
12 125 1 1 1 2 1474 1
12 126 2 2 14 1 6790 1
12 127 2 1 17 2 6752 1
12 128 2 1 4 2 1908 1
12 129 1 2 14 1 4829 1
12 130 1 2 20 1 3172 1
12 131 2 1 19 2 4835 1
12 132 1 1 2 1 1995 1
12 133 1 2 9 2 3221 1
12 134 1 2 1 2 781 1
12 135 2 2 3 1 2656 1
12 136 2 2 8 1 4215 1
12 137 2 2 9 1 4348 1
12 138 2 1 2 1 1512 1
12 139 1 1 1 1 1113 1
12 140 1 1 9 2 5387 1
12 141 2 1 4 1 4300 1
12 142 2 2 10 1 5149 1
12 143 1 2 20 2 5520 1
12 144 2 1 9 1 3926 1
12 145 2 1 15 1 4348 1
12 146 1 2 18 1 2617 1
12 147 2 1 17 1 4258 1
12 148 1 2 6 2 2242 1
12 149 2 2 18 1 5156 1
12 150 2 2 17 2 7923 1
12 151 2 2 19 1 6322 1
12 152 2 1 11 1 2844 1
12 153 1 2 18 2 3927 1
12 154 2 2 4 2 2762 1
12 155 1 1 3 1 1953 1
12 156 1 2 2 2 2142 1
12 157 1 2 4 2 1966 1
12 158 1 1 6 2 3183 1
12 159 1 1 17 2 4962 1
12 160 2 1 13 2 3739 1
12 161 2 1 8 1 1572 1
14 1 1 2 12 1 5291 1
14 2 2 1 10 2 8718 1
14 3 1 1 14 1 6935 1
14 4 1 2 1 1 2490 1
14 5 2 2 1 1 1771 1
14 6 1 2 15 2 5755 1
14 7 1 1 15 2 8093 1
14 8 2 1 16 1 14500 1
14 9 1 2 12 2 5710 1
14 10 2 2 4 2 1959 1
14 11 1 1 11 1 11752 1
14 12 2 1 5 1 2001 1
14 13 1 1 16 2 17842 2
14 14 1 1 20 2 6226 1
14 15 1 1 2 2 1667 1
14 16 1 2 17 2 12155 2
14 17 2 2 9 1 7730 1
14 18 2 1 1 1 1208 1
14 19 1 2 9 1 2195 1
14 20 1 2 4 1 972 1
14 21 1 1 5 2 15395 2
14 22 1 2 16 2 4288 1
14 23 1 1 3 2 1534 1
14 24 1 1 6 2 2987 1
14 25 1 1 14 2 7967 1
14 26 1 2 5 1 2477 1
14 27 1 2 14 2 4472 1
14 28 2 2 16 1 6604 1
14 29 2 1 2 1 2632 1
14 30 2 1 10 1 9281 1
14 31 2 2 14 1 3028 1
14 32 1 2 11 1 2795 1
14 33 2 1 12 2 4768 1
14 34 2 2 13 1 5850 1
14 35 2 1 7 1 1015 1
14 36 2 1 9 1 3310 1
14 37 1 1 6 1 7052 1
14 38 2 1 8 2 13892 2
14 39 1 1 5 1 3885 1
14 40 1 1 1 1 3364 1
14 41 1 1 17 2 7570 1
14 42 2 1 4 1 2854 1
14 43 2 2 17 2 7739 1
14 44 2 2 3 2 2046 1
14 45 2 2 5 1 1660 1
14 46 2 2 10 1 14943 2
14 47 2 1 16 2 13847 2
14 48 2 2 16 2 5291 1
14 49 1 2 6 2 11252 1
14 50 1 2 12 1 3553 1
14 51 2 2 13 2 3366 1
14 52 1 2 18 2 5339 1
14 53 1 1 1 2 9185 1
14 54 1 1 3 1 1525 1
14 55 2 1 11 1 8390 1
14 56 2 1 6 2 2748 1
14 57 2 1 3 2 1156 1
14 58 2 2 19 1 8041 1
14 59 2 2 20 1 10671 2
14 60 1 2 10 1 2799 1
14 61 1 2 19 2 2213 1
14 62 1 2 1 2 2029 1
14 63 1 1 4 1 5056 1
14 64 2 1 4 2 3040 1
14 65 1 2 8 2 2239 1
14 66 2 1 2 2 2092 1
14 67 2 1 20 2 3645 1
14 68 1 1 7 2 3491 1
14 69 1 2 2 2 2328 1
14 70 2 2 10 2 14510 2
14 71 2 2 11 1 5580 1
14 72 1 1 12 2 3746 1
14 73 1 1 18 2 6320 1
14 74 2 1 14 2 4753 1
14 75 1 2 13 1 4026 1
14 76 2 2 15 2 4399 1
14 77 2 2 5 2 8851 1
14 78 2 2 4 1 1228 1
14 79 1 1 18 1 9904 2
14 80 2 2 18 2 3010 1
14 81 1 1 4 2 4725 1
14 82 2 2 6 1 4111 1
14 83 2 1 13 1 7635 1
14 84 1 2 11 2 2948 1
14 85 2 2 20 2 2241 1
14 86 2 2 2 1 2494 1
14 87 2 2 8 1 2263 1
14 88 1 1 7 1 3830 1
14 89 1 2 15 1 9171 2
14 90 2 1 5 2 2611 1
14 91 2 1 14 1 3176 1
14 92 1 2 13 2 2044 1
14 93 1 2 14 1 1909 1
14 94 1 2 7 1 2288 1
14 95 2 2 9 2 1201 1
14 96 1 2 2 1 1292 1
14 97 1 1 13 2 6520 1
14 98 1 2 7 2 1954 1
14 99 1 1 9 2 6834 1
14 100 1 1 10 2 2652 1
14 101 1 2 3 2 3782 1
14 102 1 1 8 1 2789 1
14 103 2 2 12 2 2518 1
14 104 2 2 7 2 2096 1
14 105 1 2 8 1 2694 1
14 106 1 1 17 1 10172 1
14 107 2 1 3 1 3364 1
14 108 1 2 10 2 2087 1
14 109 2 1 12 1 2541 1
14 110 1 1 8 2 5665 1
14 111 2 2 6 2 1575 1
14 112 1 1 12 1 7111 1
14 113 2 2 17 1 12286 1
14 114 2 1 1 2 5804 1
14 115 2 2 18 1 4943 1
14 116 2 2 7 1 3261 1
14 117 1 1 11 2 4840 1
14 118 1 1 19 2 4537 1
14 119 2 2 1 2 1338 1
14 120 2 1 11 2 4555 1
14 121 1 2 19 1 2282 1
14 122 1 2 16 1 9617 1
14 123 1 2 3 1 3273 1
14 124 1 1 16 1 4821 1
14 125 2 1 19 1 3828 1
14 126 2 2 14 2 4676 1
14 127 1 2 9 2 1997 1
14 128 1 2 5 2 1717 1
14 129 2 1 9 2 2004 1
14 130 1 1 20 1 5803 1
14 131 2 1 20 1 9940 1
14 132 1 1 19 1 6275 1
14 133 2 1 13 2 3649 1
14 134 2 2 3 1 7118 1
14 135 1 1 13 1 7499 1
14 136 2 1 18 1 8861 1
14 137 2 2 11 2 3884 1
14 138 2 1 15 1 5435 1
14 139 2 1 15 2 2940 1
14 140 2 1 17 2 1802 1
14 141 1 2 20 2 2281 1
14 142 2 1 7 2 2843 1
14 143 2 1 18 2 2239 1
14 144 1 1 10 1 9690 1
14 145 2 1 19 2 7076 1
14 146 1 2 4 2 1578 1
14 147 2 2 8 2 6462 1
14 148 1 2 17 1 3559 1
14 149 1 1 9 1 11440 1
14 150 1 2 18 1 2649 1
14 151 2 2 2 2 5434 1
14 152 1 1 2 1 1576 1
14 153 2 1 6 1 2436 1
14 154 2 2 15 1 2945 1
14 155 2 1 8 1 2239 1
14 156 2 2 19 2 4641 1
14 157 2 2 12 1 15019 1
14 158 1 2 6 1 5522 1
14 159 2 1 17 1 2373 1
14 160 1 2 20 1 1910 1
14 161 1 1 15 1 7266 1
SUBJECT(1:15); TRIAL(1:162); TARGET(0:1000); CONTEXT(0:1000); ROW(0:1000); REP(0:1000); FOUNDRT(0:32767); OKSE(0:1000)
2 1 1 2 12 1 8338 1
2 2 2 1 12 1 5166 1
2 3 1 1 7 1 4085 1
2 4 1 1 17 2 7259 1
2 5 1 1 15 2 6021 1
2 6 2 2 13 2 5481 1
2 7 1 1 10 1 5680 1
2 8 2 2 1 1 899 1
2 9 1 2 10 1 4233 1
2 10 2 1 1 1 2547 2
2 11 1 1 18 1 7450 1
2 12 2 1 19 2 6518 1
2 13 2 1 16 1 4433 1
2 14 2 1 6 1 3084 1
2 15 2 2 8 1 5214 1
2 16 1 1 12 2 5064 1
2 17 1 1 16 2 6183 1
2 18 1 1 16 1 5528 1
2 19 2 2 9 2 4931 1
2 20 1 2 15 2 5024 1
2 21 2 1 19 1 5985 1
2 22 1 2 4 2 1987 1
2 23 2 1 6 2 3711 1
2 24 1 2 19 2 7451 1
2 25 1 1 3 1 2214 1
2 26 2 1 18 1 7117 1
2 27 1 2 18 2 7397 1
2 28 2 1 2 2 956 1
2 29 1 1 2 2 1478 1
2 30 1 1 11 2 3992 1
2 31 1 1 5 1 2922 1
2 32 1 2 5 2 3201 1
2 33 1 1 10 2 4829 1
2 34 1 1 11 1 5024 1
2 35 2 2 15 1 6041 1
2 36 2 2 10 1 4832 1
2 37 1 1 14 1 5485 1
2 38 2 1 11 1 3528 1
2 39 2 2 1 2 1871 1
2 40 1 2 12 2 5490 1
2 41 2 1 11 2 3736 2
2 42 2 1 8 2 3202 1
2 43 2 1 20 1 8151 1
2 44 2 2 4 2 1925 1
2 45 2 2 17 2 6089 1
2 46 2 1 2 1 1006 1
2 47 2 2 11 1 6517 1
2 48 2 2 6 2 1521 1
2 49 1 2 3 2 1945 1
2 50 1 1 3 2 1181 1
2 51 1 1 14 2 5940 1
2 52 2 1 14 2 23357 2
2 53 2 1 4 2 966 1
2 54 1 1 15 1 6380 1
2 55 1 2 8 2 2973 1
2 56 1 2 20 1 5303 1
2 57 1 1 13 2 6752 1
2 58 1 1 13 1 4463 1
2 59 2 1 7 2 7500 1
2 60 1 1 4 2 1845 1
2 61 2 2 8 2 7051 1
2 62 1 2 6 2 1940 1
2 63 1 1 7 2 3487 1
2 64 1 2 18 1 4558 1
2 65 2 1 5 1 6891 1
2 66 2 2 14 2 6731 1
2 67 2 1 10 2 4222 1
2 68 2 1 9 2 3337 1
2 69 1 2 7 2 2460 1
2 70 1 2 17 1 4370 1
2 71 2 1 3 1 874 1
2 72 1 2 1 1 1383 1
2 73 1 1 8 1 4420 1
2 74 1 1 1 1 1663 1
2 75 1 2 12 1 6652 1
2 76 1 2 14 1 2736 1
2 77 2 1 12 2 1152 1
2 78 1 2 6 1 5114 1
2 79 2 1 18 2 3672 1
2 80 2 2 18 1 5858 1
2 81 1 2 10 2 4514 1
2 82 1 2 16 1 4794 1
2 83 1 2 3 1 1049 1
2 84 2 2 20 1 5261 1
2 85 1 2 2 2 865 1
2 86 1 1 5 2 4271 1
2 87 2 1 15 1 3907 1
2 88 2 1 14 1 2776 1
2 89 2 2 20 2 5629 1
2 90 1 1 12 1 4075 1
2 91 1 1 4 1 3383 1
2 92 1 2 11 1 7117 1
2 93 1 1 8 2 2119 1
2 94 1 2 13 1 2131 1
2 95 2 2 3 2 2495 1
2 96 2 1 8 1 2124 1
2 97 1 2 9 1 2492 1
2 98 2 2 12 2 3201 1
2 99 2 2 7 1 5110 1
2 100 2 1 10 1 4621 1
2 101 1 1 2 1 1469 1
2 102 2 1 4 1 1474 1
2 103 2 1 5 2 1032 1
2 104 1 2 4 1 1378 1
2 105 1 1 20 1 6188 1
2 106 2 1 9 1 2129 1
2 107 1 2 9 2 2390 1
2 108 1 2 14 2 2715 1
2 109 2 2 5 2 6324 1
2 110 2 2 15 2 4320 1
2 111 1 1 19 2 5023 1
2 112 1 2 15 1 3627 1
2 113 1 1 18 2 4177 1
2 114 1 2 5 1 3202 1
2 115 2 2 16 1 5576 1
2 116 1 2 20 2 4127 1
2 117 2 1 16 2 3532 1
2 118 2 2 12 1 5299 1
2 119 2 2 11 2 8143 1
2 120 2 2 4 1 8795 1
2 121 2 2 9 1 10536 1
2 122 1 1 1 2 1653 1
2 123 1 1 6 2 2456 1
2 124 2 2 19 1 3616 1
2 125 1 2 8 1 5424 1
2 126 1 1 6 1 1991 1
2 127 2 1 1 2 2677 1
2 128 2 2 17 1 4698 1
2 129 2 2 5 1 10902 1
2 130 2 2 10 2 3198 1
2 131 1 1 20 2 5541 1
2 132 1 2 7 1 2876 1
2 133 1 2 1 2 2411 1
2 134 2 1 17 2 3190 1
2 135 2 2 2 2 6984 1
2 136 1 2 13 2 3628 1
2 137 1 2 19 1 3948 1
2 138 2 1 17 1 3859 1
2 139 1 2 17 2 2687 1
2 140 2 2 3 1 1669 1
2 141 2 1 20 2 2870 1
2 142 2 2 6 1 2780 1
2 143 1 2 11 2 2118 1
2 144 1 2 2 1 1610 1
2 145 2 2 13 1 2594 2
2 146 1 2 16 2 2834 1
2 147 1 1 9 2 6098 1
2 148 1 1 17 1 4415 1
2 149 2 2 14 1 3855 1
2 150 2 1 13 1 3380 1
2 151 2 2 18 2 4320 1
2 152 1 1 19 1 3249 1
2 153 2 2 7 2 6046 1
2 154 2 1 3 2 4970 1
2 155 2 2 16 2 4885 1
2 156 2 1 13 2 3647 1
2 157 2 2 19 2 4883 1
2 158 2 1 15 2 5949 1
2 159 2 2 2 1 1756 1
2 160 1 1 9 1 3114 1
2 161 2 1 7 1 2512 1
5 1 1 2 12 1 6284 1
5 2 1 2 2 1 1332 1
5 3 2 2 16 2 10393 1
5 4 1 2 13 2 1377 1
5 5 1 2 17 1 1387 1
5 6 1 1 8 2 4318 1
5 7 2 2 2 2 2181 1
5 8 2 1 2 2 2927 1
5 9 2 1 20 2 2298 1
5 10 1 1 9 2 6692 1
5 11 1 1 3 2 8524 1
5 12 2 1 8 1 1198 1
5 13 1 2 7 2 7587 1
5 14 1 1 5 2 4046 1
5 15 2 1 4 2 3159 1
5 16 2 2 20 2 2967 1
5 17 2 1 20 1 1433 1
5 18 2 1 8 2 6143 1
5 19 1 1 13 1 5309 1
5 20 1 1 9 1 1612 1
5 21 2 1 4 1 1366 1
5 22 2 2 10 1 4035 1
5 23 2 1 19 1 2925 1
5 24 1 1 7 1 2227 1
5 25 2 1 6 1 1563 1
5 26 2 2 7 1 1473 1
5 27 1 2 18 1 1891 1
5 28 1 2 10 2 2413 1
5 29 1 1 10 2 8247 1
5 30 1 1 11 1 1693 1
5 31 1 2 6 1 5999 1
5 32 2 1 10 2 2734 1
5 33 2 2 9 1 3670 1
5 34 2 2 1 2 10815 1
5 35 1 1 3 1 1568 1
5 36 1 2 1 1 3993 1
5 37 1 2 20 2 2030 1
5 38 2 1 1 2 3509 1
5 39 2 2 13 1 2684 1
5 40 2 1 5 2 1313 1
5 41 1 1 16 1 4083 1
5 42 1 2 20 1 1715 1
5 43 2 1 15 2 1990 1
5 44 2 2 17 1 1341 1
5 45 1 1 14 2 3060 1
5 46 2 2 14 1 1755 1
5 47 2 1 9 2 2408 1
5 48 2 1 1 1 2922 1
5 49 2 2 18 1 4035 1
5 50 2 2 5 2 10673 1
5 51 2 1 18 2 1756 1
5 52 1 1 19 2 1659 1
5 53 1 1 20 1 1707 1
5 54 1 2 9 2 2088 1
5 55 2 1 11 1 1945 1
5 56 2 2 3 1 3598 1
5 57 1 1 12 2 19548 1
5 58 1 1 4 1 13074 1
5 59 2 1 13 2 1238 1
5 60 1 2 5 1 1750 1
5 61 1 1 2 1 3476 1
5 62 2 1 15 1 6232 1
5 63 1 1 16 2 4318 1
5 64 2 1 9 1 1941 1
5 65 2 1 11 2 1621 1
5 66 1 2 3 1 1477 1
5 67 1 2 18 2 2344 1
5 68 1 2 12 2 3288 1
5 69 1 2 1 2 2530 1
5 70 2 1 2 1 1708 1
5 71 2 2 12 2 1984 1
5 72 2 2 11 1 3532 1
5 73 1 1 12 1 1660 1
5 74 1 2 14 2 4653 1
5 75 2 2 13 2 2457 1
5 76 1 2 6 2 13849 2
5 77 1 1 6 2 2645 1
5 78 2 1 14 2 2527 1
5 79 2 1 17 1 2882 1
5 80 2 2 9 2 3385 1
5 81 2 2 19 2 2176 1
5 82 2 2 17 2 1102 1
5 83 1 1 5 1 3623 1
5 84 1 2 8 2 6330 1
5 85 1 2 13 1 1709 1
5 86 2 2 6 1 2452 1
5 87 1 1 20 2 2174 1
5 88 1 1 10 1 6832 1
5 89 2 2 15 1 2173 1
5 90 1 1 13 2 6191 1
5 91 1 2 15 2 5773 1
5 92 2 1 16 2 1284 1
5 93 2 2 15 2 731 1
5 94 1 2 11 2 1987 1
5 95 2 2 20 1 2163 1
5 96 2 2 14 2 2365 1
5 97 2 1 17 2 5860 1
5 98 2 1 7 1 3056 1
5 99 1 2 2 2 2969 1
5 100 1 1 6 1 2313 1
5 101 1 1 11 2 5347 1
5 102 2 2 7 2 1426 1
5 103 1 1 2 2 4037 1
5 104 1 1 8 1 3908 1
5 105 2 1 12 2 6275 1
5 106 1 2 10 1 5819 1
5 107 1 2 14 1 6049 1
5 108 1 1 14 1 1710 1
5 109 2 2 2 1 3803 1
5 110 2 1 14 1 2309 1
5 111 2 1 19 2 3673 1
5 112 1 2 11 1 3015 1
5 113 2 2 19 1 2125 1
5 114 2 2 10 2 2228 1
5 115 1 1 1 1 4133 1
5 116 2 2 4 1 1284 1
5 117 2 2 3 2 3998 1
5 118 1 2 16 2 2206 1
5 119 2 1 16 1 3527 1
5 120 2 2 16 1 1649 1
5 121 2 1 18 1 766 1
5 122 1 1 15 1 2357 1
5 123 2 1 5 1 2785 1
5 124 1 1 17 1 7781 1
5 125 1 2 16 1 726 1
5 126 1 1 4 2 2363 1
5 127 2 1 13 1 1659 1
5 128 1 2 9 1 5998 1
5 129 2 1 3 1 3859 1
5 130 2 2 8 1 1724 1
5 131 1 2 19 2 3440 1
5 132 1 2 4 2 6750 1
5 133 1 2 8 1 1468 1
5 134 2 1 6 2 3243 1
5 135 1 1 15 2 14963 1
5 136 2 1 7 2 3346 1
5 137 2 2 6 2 3479 1
5 138 2 2 1 1 1983 1
5 139 2 1 3 2 1012 1
5 140 1 2 3 2 1106 1
5 141 2 2 8 2 1054 1
5 142 1 2 17 2 14084 1
5 143 2 2 18 2 2030 1
5 144 2 2 12 1 1660 1
5 145 1 2 15 1 3943 1
5 146 1 1 19 1 10539 1
5 147 1 2 19 1 1569 1
5 148 1 2 4 1 2928 1
5 149 1 2 5 2 2357 1
5 150 2 1 12 1 1335 1
5 151 2 2 4 2 4280 1
5 152 1 1 17 2 10062 1
5 153 2 2 11 2 1220 1
5 154 1 1 7 2 6290 1
5 155 1 2 12 1 7315 1
5 156 1 1 18 2 8177 1
5 157 1 2 7 1 8697 1
5 158 1 1 18 1 1732 1
5 159 1 1 1 2 15065 1
5 160 2 1 10 1 1340 1
5 161 2 2 5 1 1826 1
9 1 1 2 12 1 3855 1
9 2 2 2 2 1 1475 1
9 3 1 2 5 1 1334 1
9 4 2 1 13 1 1850 1
9 5 2 2 9 1 3246 1
9 6 2 2 19 2 3900 1
9 7 2 1 2 2 2832 2
9 8 1 1 3 1 1518 1
9 9 2 2 4 1 1615 1
9 10 2 1 4 1 1013 1
9 11 2 2 8 1 2962 1
9 12 2 1 19 1 3431 1
9 13 2 1 2 1 732 1
9 14 2 2 11 2 3243 1
9 15 2 1 17 1 2876 1
9 16 2 1 11 2 2038 1
9 17 2 2 10 2 2729 1
9 18 1 2 1 2 677 1
9 19 1 1 1 2 733 1
9 20 1 1 2 2 775 1
9 21 1 2 15 2 2552 1
9 22 1 1 8 2 1988 1
9 23 2 1 16 1 2646 1
9 24 1 2 5 2 1235 1
9 25 2 1 3 1 682 1
9 26 2 2 17 2 3291 1
9 27 2 1 7 1 1755 1
9 28 1 2 3 2 5672 2
9 29 1 2 2 1 1547 1
9 30 1 2 14 2 2777 1
9 31 2 2 16 2 2689 1
9 32 2 2 13 1 3107 1
9 33 2 2 17 1 3668 1
9 34 2 2 14 1 3246 1
9 35 1 2 2 2 540 1
9 36 2 1 6 2 2081 1
9 37 1 2 8 2 1711 1
9 38 1 1 4 1 1507 1
9 39 2 1 8 1 1802 1
9 40 2 2 20 1 3909 1
9 41 2 1 20 2 3529 1
9 42 1 1 3 2 1153 1
9 43 1 1 14 1 3655 1
9 44 1 1 15 1 3813 1
9 45 1 1 20 2 4279 1
9 46 1 1 10 1 6051 2
9 47 2 2 3 1 1835 1
9 48 1 2 7 1 1937 1
9 49 1 2 11 1 2545 1
9 50 2 2 5 1 1878 1
9 51 2 1 15 1 2788 1
9 52 2 1 19 2 3252 1
9 53 1 1 18 2 6423 2
9 54 2 2 12 2 3623 1
9 55 2 1 12 1 2274 1
9 56 1 1 19 1 4886 1
9 57 2 1 1 1 5763 2
9 58 2 1 1 2 913 1
9 59 2 2 16 1 3854 1
9 60 1 1 10 2 2059 1
9 61 1 1 5 1 1245 1
9 62 2 1 12 2 2461 1
9 63 1 1 7 2 5070 2
9 64 1 1 12 2 6262 1
9 65 1 1 14 2 16041 2
9 66 2 1 11 1 3480 1
9 67 2 1 5 1 1578 1
9 68 1 2 18 2 4042 1
9 69 2 2 10 1 2971 1
9 70 1 2 10 1 2545 1
9 71 1 2 16 2 2575 1
9 72 2 2 1 1 957 1
9 73 1 2 13 2 2642 1
9 74 1 2 15 1 2077 1
9 75 2 2 15 1 4184 1
9 76 2 2 13 2 3807 1
9 77 1 2 12 1 2125 1
9 78 2 1 8 2 1482 1
9 79 2 2 9 2 1377 1
9 80 2 1 14 1 2683 1
9 81 1 2 3 1 1154 1
9 82 1 2 9 1 6559 2
9 83 2 2 20 2 5311 1
9 84 1 1 17 2 5676 1
9 85 2 2 11 1 3440 1
9 86 1 2 9 2 13430 2
9 87 2 2 19 1 4838 1
9 88 1 1 1 1 968 1
9 89 1 2 12 2 2553 1
9 90 2 2 18 2 4233 1
9 91 2 2 5 2 1882 1
9 92 1 2 4 2 1105 1
9 93 1 1 16 2 6752 2
9 94 2 1 18 2 4646 1
9 95 1 2 6 1 2372 1
9 96 2 1 14 2 3907 1
9 97 1 1 12 1 6933 2
9 98 2 2 12 1 5861 1
9 99 1 1 6 2 2547 1
9 100 2 2 3 2 1562 1
9 101 2 2 7 1 3017 1
9 102 1 2 1 1 820 1
9 103 1 2 17 1 6231 1
9 104 2 2 7 2 2153 1
9 105 1 2 13 1 3523 1
9 106 1 1 7 1 2451 1
9 107 2 1 13 2 4230 1
9 108 1 2 11 2 3337 1
9 109 1 1 18 1 7195 1
9 110 1 2 7 2 2743 1
9 111 2 1 20 1 5311 1
9 112 1 2 16 1 5468 1
9 113 2 1 17 2 5169 1
9 114 2 1 7 2 2500 1
9 115 1 2 19 2 5205 1
9 116 2 1 10 2 2485 1
9 117 1 2 14 1 4792 1
9 118 2 2 14 2 4511 1
9 119 1 1 20 1 5773 1
9 120 1 1 4 2 1481 1
9 121 1 1 13 2 3810 1
9 122 2 2 4 2 7308 2
9 123 2 1 9 2 2908 1
9 124 1 1 15 2 4121 1
9 125 2 2 6 2 2452 1
9 126 1 1 8 1 2601 1
9 127 1 1 6 1 1754 1
9 128 1 2 20 2 3433 1
9 129 1 1 16 1 5582 1
9 130 2 2 15 2 5908 1
9 131 1 2 17 2 4327 1
9 132 2 2 2 2 9416 2
9 133 1 1 13 1 4505 1
9 134 1 1 11 2 3628 1
9 135 1 2 6 2 1851 1
9 136 2 1 10 1 2874 1
9 137 2 2 8 2 2170 1
9 138 1 2 4 1 1148 1
9 139 2 2 18 1 6382 1
9 140 1 1 17 1 5907 1
9 141 1 2 20 1 4141 1
9 142 1 1 2 1 1006 1
9 143 2 2 1 2 964 1
9 144 2 1 15 2 2684 1
9 145 1 1 19 2 7173 1
9 146 2 2 6 1 1849 1
9 147 2 1 6 1 1153 1
9 148 2 1 4 2 5338 2
9 149 2 1 9 1 1901 1
9 150 1 2 19 1 3483 1
9 151 2 1 16 2 3207 1
9 152 1 2 10 2 2070 1
9 153 1 1 9 1 2413 1
9 154 1 1 5 2 1235 1
9 155 1 2 18 1 5584 2
9 156 1 2 8 1 2269 1
9 157 2 1 18 1 4283 1
9 158 2 1 3 2 733 1
9 159 1 1 11 1 3717 1
9 160 1 1 9 2 2310 1
9 161 2 1 5 2 1002 1
15 1 1 2 12 1 3810 1
15 2 2 2 19 2 5958 1
15 3 2 2 7 2 1888 1
15 4 1 1 20 2 7592 1
15 5 1 1 5 1 1566 1
15 6 2 1 5 2 915 1
15 7 1 1 8 1 2555 1
15 8 1 2 5 1 1010 1
15 9 2 2 8 2 1617 1
15 10 1 1 4 2 1292 1
15 11 2 2 17 2 2218 1
15 12 2 2 6 2 987 1
15 13 1 1 16 1 4028 1
15 14 1 1 16 2 3616 1
15 15 1 1 19 1 4179 1
15 16 2 2 9 1 1654 1
15 17 1 2 4 2 1198 1
15 18 2 1 13 1 1380 1
15 19 1 1 11 1 2690 1
15 20 1 1 18 2 2648 1
15 21 2 2 15 2 3430 1
15 22 1 2 12 2 3209 1
15 23 2 1 8 1 2269 1
15 24 2 1 9 1 2499 1
15 25 2 1 20 2 3370 1
15 26 1 1 10 2 2182 1
15 27 2 1 13 2 3108 1
15 28 2 1 2 2 708 1
15 29 1 1 15 2 3851 1
15 30 1 1 2 2 1145 1
15 31 1 2 10 2 1481 1
15 32 1 2 2 1 1524 2
15 33 1 2 17 2 2354 1
15 34 2 2 8 1 1262 1
15 35 2 2 19 1 3056 1
15 36 1 1 6 1 1330 1
15 37 1 1 12 2 3569 1
15 38 1 2 9 2 1612 1
15 39 1 1 5 2 1740 1
15 40 1 2 15 2 2829 1
15 41 2 2 3 1 725 1
15 42 2 2 16 1 3290 1
15 43 2 2 5 2 959 1
15 44 2 1 14 2 2685 1
15 45 1 1 9 1 1994 1
15 46 2 2 16 2 3294 1
15 47 2 2 3 2 1985 1
15 48 1 2 14 1 3299 1
15 49 2 2 9 2 2171 1
15 50 2 1 10 2 2081 1
15 51 2 1 16 1 2556 1
15 52 1 2 13 1 3806 2
15 53 1 1 9 2 2404 1
15 54 1 1 3 1 1238 1
15 55 1 1 2 1 944 1
15 56 2 2 1 1 770 1
15 57 2 2 2 1 732 1
15 58 1 2 4 1 1192 1
15 59 1 1 15 1 12121 2
15 60 1 1 12 1 2923 1
15 61 1 1 18 1 3113 1
15 62 1 2 6 2 1199 1
15 63 1 2 3 2 588 1
15 64 2 2 6 1 1755 1
15 65 2 2 4 1 1293 1
15 66 1 1 7 2 2591 1
15 67 2 1 15 1 1688 1
15 68 2 2 20 1 2874 1
15 69 2 1 1 1 963 1
15 70 2 1 19 2 3059 1
15 71 2 1 8 2 1655 1
15 72 1 2 11 2 1655 1
15 73 1 1 17 1 12074 2
15 74 1 2 6 1 1750 1
15 75 2 1 4 1 1075 1
15 76 2 2 14 2 2178 1
15 77 2 1 6 2 869 1
15 78 2 2 10 1 1759 1
15 79 2 2 13 2 3487 1
15 80 2 1 1 2 959 1
15 81 1 2 17 1 2786 1
15 82 1 2 8 1 1340 1
15 83 1 1 7 1 2311 1
15 84 2 1 17 2 2452 1
15 85 2 1 16 2 2296 1
15 86 1 1 17 2 4643 1
15 87 2 1 11 2 3110 1
15 88 1 2 18 2 2824 1
15 89 1 2 1 1 677 1
15 90 2 2 10 2 1902 1
15 91 1 2 5 2 1336 1
15 92 1 2 9 1 1377 1
15 93 2 1 2 1 776 1
15 94 2 1 20 1 3536 1
15 95 1 2 19 1 2217 1
15 96 1 1 10 1 3295 1
15 97 1 1 20 1 4184 1
15 98 2 1 10 1 1570 1
15 99 1 2 7 2 2173 1
15 100 1 1 14 1 4282 1
15 101 2 1 7 1 1050 1
15 102 1 1 19 2 4133 1
15 103 1 2 18 1 3160 1
15 104 1 1 6 2 1329 1
15 105 2 1 5 1 819 1
15 106 2 2 12 2 2501 1
15 107 2 1 17 1 3060 1
15 108 2 2 13 1 2507 1
15 109 1 1 8 2 1194 1
15 110 1 1 1 1 1380 1
15 111 2 1 18 2 2598 1
15 112 1 2 3 1 713 1
15 113 1 2 13 2 2060 1
15 114 2 1 18 1 1754 1
15 115 2 1 3 2 638 1
15 116 1 2 16 1 3159 1
15 117 1 2 1 2 638 1
15 118 1 2 7 1 1281 1
15 119 2 2 11 2 1293 1
15 120 1 2 15 1 4749 2
15 121 2 1 4 2 726 1
15 122 2 2 4 2 730 1
15 123 1 1 14 2 2219 1
15 124 1 2 8 2 1200 1
15 125 1 1 3 2 640 1
15 126 2 1 15 2 1574 1
15 127 2 2 1 2 869 1
15 128 2 2 18 1 2087 1
15 129 2 1 7 2 828 1
15 130 2 2 20 2 2087 1
15 131 1 2 2 2 536 1
15 132 1 2 16 2 2356 1
15 133 2 1 12 2 1622 1
15 134 1 2 11 1 1379 1
15 135 2 1 9 2 1062 1
15 136 1 2 14 2 1874 1
15 137 1 1 11 2 1710 1
15 138 2 2 11 1 1610 1
15 139 2 1 19 1 1800 1
15 140 1 2 19 2 2269 1
15 141 2 2 15 1 1988 1
15 142 2 2 14 1 1827 1
15 143 1 1 4 1 1057 1
15 144 2 2 12 1 1897 1
15 145 2 2 17 1 1854 1
15 146 2 1 6 1 1062 1
15 147 2 1 12 1 1431 1
15 148 2 2 7 1 1050 1
15 149 2 2 2 2 1103 1
15 150 2 2 5 1 909 1
15 151 2 1 3 1 962 1
15 152 1 2 10 1 1571 1
15 153 1 1 13 2 2225 1
15 154 1 2 20 2 2226 1
15 155 1 2 20 1 2673 1
15 156 1 2 12 1 1762 1
15 157 1 1 1 2 584 1
15 158 2 2 18 2 2124 1
15 159 2 1 14 1 1714 1
15 160 2 1 11 1 1847 1
15 161 1 1 13 1 2264 1
15 1 1 2 12 1 2453 1
15 2 1 2 3 1 957 1
15 3 2 1 10 1 3483 1
15 4 2 2 6 2 4129 1
15 5 1 2 10 1 3019 1
15 6 2 1 20 1 3697 1
15 7 1 2 13 1 3643 1
15 8 2 1 7 1 3021 1
15 9 1 1 16 1 5580 1
15 10 2 1 15 1 3907 1
15 11 1 1 17 1 6101 1
15 12 2 2 13 2 5516 1
15 13 2 1 17 1 2881 1
15 14 1 2 18 1 3432 1
15 15 2 2 4 2 4645 1
15 16 1 1 2 1 1936 1
15 17 2 1 16 2 5070 1
15 18 2 2 10 1 5310 1
15 19 1 1 1 1 2131 1
15 20 1 2 6 2 2314 1
15 21 2 1 18 2 3859 1
15 22 2 2 13 1 5543 1
15 23 2 2 2 1 1283 1
15 24 2 1 3 1 1897 1
15 25 1 1 4 1 2641 1
15 26 2 2 2 2 1659 1
15 27 1 2 7 2 2174 1
15 28 1 1 19 1 5444 1
15 29 1 1 20 2 4656 1
15 30 2 1 4 2 1711 1
15 31 1 1 7 2 2924 1
15 32 1 1 9 2 6474 1
15 33 2 1 12 1 3059 1
15 34 2 2 5 2 2558 1
15 35 1 1 8 2 3196 1
15 36 2 2 7 1 3110 1
15 37 1 2 17 1 2592 1
15 38 2 2 12 2 6007 1
15 39 2 2 20 2 4970 1
15 40 2 2 9 2 3102 1
15 41 1 1 14 1 4042 1
15 42 1 2 9 1 2262 1
15 43 2 1 6 2 1659 1
15 44 2 1 5 1 2030 1
15 45 1 2 15 1 3064 1
15 46 2 2 8 2 3017 1
15 47 2 1 5 2 2648 1
15 48 2 2 1 2 2130 1
15 49 2 2 4 1 1710 1
15 50 1 2 9 2 1470 1
15 51 1 1 11 2 3626 1
15 52 2 2 11 1 1762 1
15 53 1 2 3 2 1047 1
15 54 2 1 12 2 2413 1
15 55 1 2 20 2 3020 1
15 56 1 2 19 1 2275 1
15 57 1 2 8 1 1334 1
15 58 1 1 13 1 3533 1
15 59 2 2 20 1 5671 1
15 60 1 2 11 1 4178 1
15 61 1 2 7 1 1668 1
15 62 2 2 11 2 2270 1
15 63 1 2 5 1 1015 1
15 64 2 1 17 2 2356 1
15 65 2 1 4 1 1469 1
15 66 1 2 16 1 2077 1
15 67 2 1 14 2 1478 1
15 68 1 1 12 2 9838 1
15 69 2 1 6 1 1940 1
15 70 1 1 10 1 3066 1
15 71 2 2 19 1 2415 1
15 72 1 1 10 2 1783 1
15 73 2 2 3 1 1802 1
15 74 2 2 15 2 2406 1
15 75 2 2 18 2 2365 1
15 76 1 2 4 1 1752 1
15 77 2 2 5 1 1523 1
15 78 1 2 2 1 955 1
15 79 2 2 10 2 4400 1
15 80 2 1 8 1 2415 1
15 81 1 2 14 2 1573 1
15 82 1 2 8 2 6612 1
15 83 1 1 7 1 2271 1
15 84 2 2 3 2 1431 1
15 85 1 1 16 2 3579 1
15 86 1 1 13 2 3622 1
15 87 1 2 2 2 3484 1
15 88 2 1 10 2 2035 1
15 89 1 1 2 2 7026 1
15 90 1 2 14 1 1663 1
15 91 2 1 20 2 2875 1
15 92 2 2 14 2 2636 1
15 93 2 2 17 1 2453 1
15 94 1 1 18 2 2507 1
15 95 2 1 3 2 2132 1
15 96 1 2 1 1 3812 1
15 97 1 1 9 1 3338 1
15 98 1 2 12 1 2261 1
15 99 1 1 5 1 1658 1
15 100 1 1 8 1 5727 1
15 101 2 2 9 1 2765 1
15 102 2 1 1 2 1480 1
15 103 1 1 11 1 3393 1
15 104 1 1 6 1 2409 1
15 105 2 1 9 2 2636 1
15 106 2 1 14 1 4094 1
15 107 1 2 18 2 2265 1
15 108 1 1 12 1 8291 1
15 109 2 2 16 1 3056 1
15 110 2 1 15 2 1574 1
15 111 2 1 2 1 5394 1
15 112 1 2 13 2 1808 1
15 113 2 1 19 2 2509 1
15 114 2 1 7 2 2036 1
15 115 1 2 19 2 1894 1
15 116 1 2 10 2 1894 1
15 117 2 2 19 2 2271 1
15 118 1 1 4 2 1564 1
15 119 2 1 11 2 1618 1
15 120 1 2 16 2 3061 1
15 121 1 1 19 2 4727 1
15 122 1 1 15 1 3130 1
15 123 2 2 18 1 2600 1
15 124 2 1 19 1 2174 1
15 125 2 1 11 1 2740 1
15 126 2 1 13 1 1888 1
15 127 1 1 14 2 1893 1
15 128 1 2 4 2 1570 1
15 129 2 2 8 1 1528 1
15 130 2 2 1 1 1796 1
15 131 1 2 5 2 1710 1
15 132 2 1 2 2 3113 1
15 133 2 1 9 1 1938 1
15 134 1 2 15 2 2310 1
15 135 2 1 13 2 1287 1
15 136 2 2 17 2 3581 1
15 137 1 2 12 2 3440 1
15 138 1 1 18 1 7029 1
15 139 2 1 1 1 1937 1
15 140 1 2 17 2 3070 1
15 141 1 2 11 2 1657 1
15 142 2 2 12 1 1889 1
15 143 1 1 17 2 3838 1
15 144 2 1 18 1 1146 1
15 145 2 1 8 2 1658 1
15 146 1 1 15 2 6617 1
15 147 1 2 20 1 5303 1
15 148 1 1 6 2 2036 1
15 149 2 2 6 1 1103 1
15 150 1 1 20 1 3387 1
15 151 1 1 1 2 1890 1
15 152 2 2 14 1 4786 1
15 153 2 2 7 2 3012 1
15 154 1 1 5 2 4935 1
15 155 1 1 3 2 5124 1
15 156 1 2 6 1 1849 1
15 157 2 2 15 1 3763 1
15 158 2 1 16 1 1330 1
15 159 1 1 3 1 4459 1
15 160 1 2 1 2 3768 1
15 161 2 2 16 2 2824 1
